row_id,energy
94993,1631.7406
94994,1500.1666
94995,1412.3813
94996,1369.3293
94997,1324.8712
94998,1321.7574
94999,1386.8315
95000,1555.9265
95001,1588.7032
95002,1670.6398
95003,1754.5135
95004,1839.9933
95005,1944.0243
95006,2020.1296
95007,2092.2102
95008,2115.1519
95009,2116.4858
95010,2130.642
95011,2120.1633
95012,2094.7568
95013,2046.4407
95014,2042.5149
95015,1989.2147
95016,1866.3804
95017,1716.2059
95018,1597.8082
95019,1510.4556
95020,1468.5057
95021,1424.3099
95022,1435.7563
95023,1485.1337
95024,1636.4532
95025,1678.0146
95026,1757.926
95027,1844.4291
95028,1910.5453
95029,2013.8274
95030,2094.45
95031,2159.3494
95032,2182.7188
95033,2180.5308
95034,2194.9966
95035,2193.6306
95036,2171.4238
95037,2114.13
95038,2112.4832
95039,2069.932
95040,1936.737
95041,1678.1172
95042,1553.655
95043,1471.2327
95044,1434.8171
95045,1384.1567
95046,1391.5212
95047,1445.517
95048,1594.043
95049,1637.5364
95050,1714.8328
95051,1795.5029
95052,1866.2091
95053,1970.9133
95054,2052.217
95055,2098.5137
95056,2124.7563
95057,2125.9973
95058,2137.3381
95059,2136.3276
95060,2101.7148
95061,2057.5564
95062,2058.855
95063,2015.2772
95064,1884.8405
95065,1641.2283
95066,1527.8618
95067,1447.6299
95068,1415.631
95069,1359.7773
95070,1363.511
95071,1417.7147
95072,1567.9304
95073,1612.2509
95074,1691.3185
95075,1773.3434
95076,1842.7019
95077,1944.1918
95078,2026.621
95079,2078.9775
95080,2108.0952
95081,2103.3115
95082,2115.036
95083,2116.385
95084,2080.6592
95085,2032.1852
95086,2030.754
95087,1980.3616
95088,1856.0294
95089,1668.9446
95090,1558.8318
95091,1450.3303
95092,1415.942
95093,1369.9297
95094,1368.3767
95095,1400.8302
95096,1552.312
95097,1587.1051
95098,1673.4628
95099,1748.2214
95100,1828.7418
95101,1939.4592
95102,2019.5063
95103,2065.8196
95104,2091.6118
95105,2080.9333
95106,2094.2937
95107,2079.0176
95108,2050.7358
95109,2006.136
95110,1992.8102
95111,1934.0454
95112,1826.6744
95113,1548.3954
95114,1459.8337
95115,1371.964
95116,1320.449
95117,1265.633
95118,1264.8865
95119,1267.7316
95120,1290.0906
95121,1339.3727
95122,1443.9441
95123,1558.2109
95124,1619.5613
95125,1721.4294
95126,1813.6438
95127,1859.9703
95128,1877.3185
95129,1879.8806
95130,1889.4565
95131,1893.3123
95132,1873.0703
95133,1819.9658
95134,1810.6056
95135,1757.6029
95136,1686.3053
95137,1665.0337
95138,1559.7849
95139,1491.6135
95140,1445.4401
95141,1387.0723
95142,1394.3044
95143,1404.176
95144,1422.8014
95145,1476.5198
95146,1580.5925
95147,1669.4626
95148,1735.644
95149,1835.5906
95150,1960.0526
95151,2052.862
95152,2088.581
95153,2107.9226
95154,2103.913
95155,2112.3481
95156,2087.366
95157,2041.9666
95158,2037.2332
95159,1972.1335
95160,1920.4106
95161,1839.5061
95162,1705.5499
95163,1612.2637
95164,1579.9779
95165,1537.6991
95166,1538.4316
95167,1613.3148
95168,1760.2136
95169,1789.358
95170,1872.8152
95171,1950.208
95172,2053.7927
95173,2149.61
95174,2274.235
95175,2337.3945
95176,2380.2493
95177,2383.5552
95178,2375.721
95179,2373.9993
95180,2329.6448
95181,2289.5557
95182,2275.254
95183,2234.3645
95184,2100.7285
95185,1761.2826
95186,1643.1134
95187,1547.0042
95188,1513.7606
95189,1464.553
95190,1470.7797
95191,1539.4235
95192,1670.122
95193,1704.0334
95194,1781.1464
95195,1862.6217
95196,1956.1481
95197,2059.9602
95198,2180.6633
95199,2235.4707
95200,2280.3347
95201,2285.7344
95202,2282.4182
95203,2279.5972
95204,2239.5574
95205,2195.5715
95206,2184.1628
95207,2146.3296
95208,2021.7192
95209,1761.6875
95210,1643.873
95211,1553.1481
95212,1515.4146
95213,1458.6873
95214,1467.9186
95215,1540.4333
95216,1664.1151
95217,1699.8765
95218,1783.861
95219,1856.5675
95220,1954.9474
95221,2056.5874
95222,2175.092
95223,2222.2153
95224,2270.0405
95225,2274.7812
95226,2268.346
95227,2274.9575
95228,2230.6104
95229,2181.9153
95230,2174.35
95231,2144.6729
95232,2008.215
95233,1767.2086
95234,1648.3693
95235,1563.2017
95236,1527.097
95237,1481.433
95238,1487.6411
95239,1554.3544
95240,1679.7404
95241,1717.2885
95242,1800.4454
95243,1876.3425
95244,1972.1854
95245,2073.9346
95246,2196.3635
95247,2245.588
95248,2295.7869
95249,2294.0247
95250,2284.8352
95251,2290.992
95252,2243.0493
95253,2202.0552
95254,2186.821
95255,2156.6877
95256,2022.6696
95257,1780.6066
95258,1665.487
95259,1555.6124
95260,1536.8813
95261,1502.1339
95262,1498.2158
95263,1531.1128
95264,1661.3901
95265,1706.6614
95266,1778.7345
95267,1862.8931
95268,1958.1914
95269,2056.8914
95270,2190.9417
95271,2227.4478
95272,2272.978
95273,2268.4211
95274,2258.341
95275,2263.2883
95276,2203.3135
95277,2163.7334
95278,2140.8271
95279,2113.5466
95280,1993.7655
95281,1658.7185
95282,1575.9406
95283,1486.4474
95284,1465.8121
95285,1408.7782
95286,1405.9824
95287,1422.2946
95288,1441.3445
95289,1489.1753
95290,1595.2438
95291,1697.3687
95292,1776.2771
95293,1874.9685
95294,1993.1117
95295,2025.9634
95296,2072.0398
95297,2076.129
95298,2078.2642
95299,2097.8638
95300,2053.918
95301,2003.7941
95302,1983.5095
95303,1939.4089
95304,1865.4613
95305,1605.7554
95306,1525.7858
95307,1449.8638
95308,1414.2092
95309,1357.8802
95310,1343.1422
95311,1379.534
95312,1378.0812
95313,1445.5328
95314,1545.5005
95315,1633.2986
95316,1693.7555
95317,1798.8545
95318,1882.9187
95319,1964.0653
95320,2007.3365
95321,2015.185
95322,2035.824
95323,2047.03
95324,2016.643
95325,1957.8745
95326,1960.8403
95327,1904.5504
95328,1831.5454
95329,1661.8903
95330,1549.6128
95331,1470.5194
95332,1433.2035
95333,1391.4253
95334,1379.7041
95335,1469.3224
95336,1598.246
95337,1638.523
95338,1717.4574
95339,1797.8729
95340,1892.3202
95341,1995.0969
95342,2074.2993
95343,2152.4653
95344,2198.3333
95345,2203.8633
95346,2206.4866
95347,2190.712
95348,2147.6155
95349,2098.0527
95350,2093.7996
95351,2054.034
95352,1902.5294
95353,1630.4954
95354,1531.5504
95355,1447.183
95356,1409.9032
95357,1369.622
95358,1366.1423
95359,1448.0922
95360,1563.7754
95361,1604.8921
95362,1686.5452
95363,1759.0901
95364,1838.3594
95365,1946.6971
95366,2028.2769
95367,2086.6763
95368,2136.5488
95369,2143.5684
95370,2149.9893
95371,2134.6936
95372,2099.0532
95373,2053.2676
95374,2054.6802
95375,2012.1503
95376,1872.64
95377,1679.0042
95378,1572.8859
95379,1490.665
95380,1453.1877
95381,1403.9364
95382,1397.8296
95383,1482.8597
95384,1592.8871
95385,1640.5496
95386,1725.3422
95387,1792.7333
95388,1884.5547
95389,1986.864
95390,2072.223
95391,2124.703
95392,2171.847
95393,2177.0183
95394,2173.2249
95395,2168.5244
95396,2130.016
95397,2077.437
95398,2082.4653
95399,2039.6567
95400,1894.605
95401,1705.0927
95402,1595.2441
95403,1520.0769
95404,1475.6759
95405,1441.3921
95406,1430.9073
95407,1517.6221
95408,1633.3698
95409,1676.3949
95410,1765.7057
95411,1834.0901
95412,1915.881
95413,2027.713
95414,2106.402
95415,2158.916
95416,2206.3335
95417,2217.207
95418,2207.037
95419,2203.3867
95420,2163.8923
95421,2121.5168
95422,2119.1943
95423,2072.6985
95424,1937.619
95425,1691.258
95426,1584.8075
95427,1486.108
95428,1460.691
95429,1425.5643
95430,1410.1827
95431,1455.4648
95432,1572.1249
95433,1618.8936
95434,1706.7898
95435,1779.466
95436,1862.3998
95437,1967.3544
95438,2057.638
95439,2106.5203
95440,2151.5413
95441,2158.0237
95442,2154.5808
95443,2144.5322
95444,2100.4814
95445,2056.5852
95446,2054.6138
95447,2001.9568
95448,1869.371
95449,1553.1176
95450,1482.7202
95451,1405.234
95452,1380.4646
95453,1329.9778
95454,1312.9124
95455,1335.5354
95456,1347.164
95457,1405.2367
95458,1512.6759
95459,1606.152
95460,1664.8934
95461,1769.4633
95462,1846.9751
95463,1904.8999
95464,1945.7423
95465,1938.0443
95466,1964.1038
95467,1964.3561
95468,1928.5016
95469,1880.9082
95470,1878.0242
95471,1820.425
95472,1728.2761
95473,1394.1794
95474,1335.8516
95475,1254.9396
95476,1223.1356
95477,1191.9475
95478,1174.6979
95479,1191.1256
95480,1168.9218
95481,1231.6024
95482,1304.6334
95483,1383.0115
95484,1437.5343
95485,1519.4735
95486,1625.4302
95487,1685.6254
95488,1697.9613
95489,1700.5557
95490,1696.0417
95491,1742.2249
95492,1718.6816
95493,1685.4739
95494,1692.8448
95495,1645.4121
95496,1568.0144
95497,1499.9761
95498,1421.9363
95499,1339.5487
95500,1308.7631
95501,1286.9135
95502,1301.8054
95503,1358.3934
95504,1486.2144
95505,1549.4238
95506,1602.8541
95507,1657.7365
95508,1731.2023
95509,1824.8188
95510,1897.5425
95511,1947.9866
95512,1974.1036
95513,1962.6365
95514,1959.0682
95515,1991.3265
95516,1973.6387
95517,1933.0436
95518,1936.6041
95519,1874.5148
95520,1749.0365
95521,1554.8239
95522,1464.2693
95523,1383.2294
95524,1357.8617
95525,1318.4258
95526,1341.8057
95527,1397.2178
95528,1527.9579
95529,1578.6626
95530,1622.9016
95531,1687.1053
95532,1760.7048
95533,1844.1671
95534,1920.5642
95535,1962.4967
95536,1994.34
95537,1974.0421
95538,1982.693
95539,2014.6239
95540,1996.4434
95541,1945.1238
95542,1949.5817
95543,1893.686
95544,1767.3464
95545,1570.9735
95546,1481.6139
95547,1390.8657
95548,1370.0463
95549,1336.5929
95550,1345.2312
95551,1404.5752
95552,1528.6798
95553,1586.8914
95554,1628.5746
95555,1694.4644
95556,1773.1598
95557,1858.2941
95558,1932.9998
95559,1957.9266
95560,1989.3552
95561,1980.5806
95562,1979.3322
95563,1999.7579
95564,1976.0494
95565,1935.6349
95566,1940.8732
95567,1903.6105
95568,1771.115
95569,1562.1438
95570,1471.5118
95571,1401.2902
95572,1367.9606
95573,1324.7021
95574,1347.4243
95575,1407.2609
95576,1536.2926
95577,1590.578
95578,1631.8674
95579,1696.9738
95580,1767.5852
95581,1846.0508
95582,1917.565
95583,1951.8453
95584,1978.2623
95585,1967.8154
95586,1972.7075
95587,1986.8561
95588,1957.1224
95589,1923.7367
95590,1926.8107
95591,1880.4202
95592,1760.1685
95593,1580.4565
95594,1499.7239
95595,1398.1544
95596,1379.6083
95597,1351.0519
95598,1356.783
95599,1382.817
95600,1506.1763
95601,1559.5385
95602,1606.8926
95603,1667.4003
95604,1746.3705
95605,1830.7771
95606,1909.2698
95607,1938.3861
95608,1963.2168
95609,1949.7117
95610,1943.2382
95611,1948.5151
95612,1923.9973
95613,1890.6165
95614,1885.8478
95615,1826.8767
95616,1722.865
95617,1505.6255
95618,1457.7566
95619,1373.5983
95620,1346.0815
95621,1307.9022
95622,1295.3308
95623,1304.3416
95624,1313.4175
95625,1373.0886
95626,1436.1648
95627,1529.617
95628,1578.1316
95629,1666.8574
95630,1756.5221
95631,1777.507
95632,1804.7034
95633,1797.167
95634,1793.6649
95635,1822.6057
95636,1798.1444
95637,1766.7426
95638,1762.1116
95639,1712.3981
95640,1626.4686
95641,1428.9512
95642,1276.049
95643,1226.6682
95644,1207.1239
95645,1174.4547
95646,1162.9963
95647,1164.6116
95648,1203.585
95649,1196.7349
95650,1299.0466
95651,1364.7712
95652,1425.2526
95653,1514.6511
95654,1589.5469
95655,1651.2836
95656,1673.1206
95657,1695.2605
95658,1706.8334
95659,1711.3435
95660,1702.2557
95661,1677.9159
95662,1665.716
95663,1635.0941
95664,1564.9601
95665,1437.0188
95666,1257.7817
95667,1201.3658
95668,1169.2216
95669,1159.0797
95670,1147.785
95671,1208.5643
95672,1382.5349
95673,1374.3741
95674,1454.7266
95675,1501.8868
95676,1598.982
95677,1688.0165
95678,1754.9456
95679,1803.1682
95680,1833.6779
95681,1848.0828
95682,1842.2025
95683,1823.0916
95684,1811.592
95685,1787.0281
95686,1776.6193
95687,1753.7397
95688,1621.1628
95689,1575.2264
95690,1385.6187
95691,1322.9802
95692,1303.8214
95693,1281.2867
95694,1274.1982
95695,1331.0516
95696,1501.1606
95697,1487.7506
95698,1562.751
95699,1615.6296
95700,1702.3595
95701,1782.789
95702,1852.9169
95703,1908.6403
95704,1935.4589
95705,1946.0538
95706,1949.5957
95707,1931.6646
95708,1914.0709
95709,1889.6401
95710,1874.3728
95711,1861.8167
95712,1724.367
95713,1559.7999
95714,1376.654
95715,1315.2845
95716,1281.071
95717,1254.9304
95718,1255.8112
95719,1310.6372
95720,1476.1967
95721,1466.1158
95722,1536.2998
95723,1595.4879
95724,1692.5415
95725,1771.0226
95726,1849.1416
95727,1882.4741
95728,1912.0682
95729,1915.0652
95730,1916.2993
95731,1902.5835
95732,1891.1316
95733,1857.8276
95734,1840.2734
95735,1831.5131
95736,1698.2837
95737,1510.509
95738,1401.1238
95739,1348.2832
95740,1320.5178
95741,1299.9093
95742,1295.4636
95743,1355.7828
95744,1557.4059
95745,1545.2207
95746,1623.2905
95747,1664.3798
95748,1698.7318
95749,1782.4316
95750,1848.6497
95751,1902.2242
95752,1928.2584
95753,1940.9651
95754,1943.7439
95755,1925.5111
95756,1901.7644
95757,1882.0686
95758,1881.8851
95759,1854.5929
95760,1740.6814
95761,1583.8774
95762,1482.3492
95763,1401.917
95764,1375.8046
95765,1372.2808
95766,1358.8638
95767,1384.3289
95768,1587.7808
95769,1590.0223
95770,1657.6244
95771,1707.749
95772,1737.1085
95773,1814.3916
95774,1893.5151
95775,1939.2156
95776,1959.749
95777,1961.8616
95778,1961.6891
95779,1945.6783
95780,1925.7906
95781,1897.3933
95782,1894.2244
95783,1866.1893
95784,1763.1393
95785,1494.3282
95786,1379.3099
95787,1329.3838
95788,1315.8671
95789,1294.1075
95790,1274.6577
95791,1283.4674
95792,1380.1052
95793,1373.7352
95794,1473.3713
95795,1538.0051
95796,1572.2068
95797,1659.654
95798,1723.6482
95799,1770.2278
95800,1784.414
95801,1801.9219
95802,1812.9073
95803,1807.1603
95804,1791.4487
95805,1767.1676
95806,1768.3549
95807,1711.285
95808,1621.5808
95809,1349.1548
95810,1236.4843
95811,1195.3344
95812,1166.5172
95813,1123.3888
95814,1140.5109
95815,1154.9584
95816,1223.495
95817,1241.8694
95818,1286.7969
95819,1371.1517
95820,1405.0657
95821,1468.3795
95822,1537.7426
95823,1632.9833
95824,1614.7909
95825,1649.2183
95826,1650.1688
95827,1665.327
95828,1660.1089
95829,1631.1755
95830,1654.9657
95831,1588.3203
95832,1491.9194
95833,1310.1233
95834,1208.1316
95835,1165.0735
95836,1147.4725
95837,1104.7578
95838,1116.4211
95839,1193.0385
95840,1388.4276
95841,1401.8387
95842,1430.9666
95843,1501.4122
95844,1533.2893
95845,1601.5284
95846,1668.5059
95847,1742.9678
95848,1737.1589
95849,1767.2354
95850,1757.4342
95851,1745.4025
95852,1722.6412
95853,1701.7249
95854,1716.3528
95855,1668.5876
95856,1546.557
95857,1474.0345
95858,1369.5397
95859,1323.2787
95860,1295.9669
95861,1260.0481
95862,1270.5068
95863,1330.4443
95864,1530.7618
95865,1541.1001
95866,1561.1025
95867,1636.1938
95868,1657.9681
95869,1727.406
95870,1793.9023
95871,1868.5494
95872,1868.1979
95873,1886.1442
95874,1887.3212
95875,1858.7666
95876,1845.637
95877,1806.6322
95878,1822.965
95879,1790.4163
95880,1682.4594
95881,1530.1212
95882,1422.3075
95883,1373.3795
95884,1340.5321
95885,1297.4224
95886,1311.5785
95887,1375.7192
95888,1578.4922
95889,1593.1251
95890,1604.3474
95891,1685.1875
95892,1709.8539
95893,1777.6483
95894,1837.854
95895,1907.4198
95896,1908.0565
95897,1934.7101
95898,1926.3397
95899,1902.3589
95900,1895.1665
95901,1851.1934
95902,1869.6044
95903,1836.9716
95904,1715.1655
95905,1522.9248
95906,1413.9666
95907,1363.6357
95908,1340.7957
95909,1306.6279
95910,1311.2125
95911,1384.0865
95912,1592.6659
95913,1591.9412
95914,1611.7628
95915,1686.782
95916,1707.4396
95917,1776.1174
95918,1837.5963
95919,1886.3158
95920,1893.3469
95921,1921.6526
95922,1905.0585
95923,1889.9194
95924,1872.5132
95925,1840.695
95926,1855.3005
95927,1820.4248
95928,1705.2871
95929,1536.1069
95930,1429.2325
95931,1361.224
95932,1348.1727
95933,1318.5626
95934,1319.3564
95935,1356.2876
95936,1563.1056
95937,1575.9438
95938,1593.8221
95939,1664.4548
95940,1681.0455
95941,1754.917
95942,1821.5607
95943,1876.6094
95944,1873.6887
95945,1883.3264
95946,1871.7784
95947,1852.1387
95948,1823.8456
95949,1801.0907
95950,1811.707
95951,1780.2084
95952,1659.0364
95953,1467.138
95954,1357.9988
95955,1291.0809
95956,1281.737
95957,1248.058
95958,1254.3619
95959,1270.5015
95960,1360.9746
95961,1367.689
95962,1422.7667
95963,1511.9476
95964,1538.291
95965,1613.2197
95966,1665.43
95967,1727.6991
95968,1707.8883
95969,1731.5267
95970,1739.0714
95971,1745.2882
95972,1736.3939
95973,1694.906
95974,1719.176
95975,1660.2526
95976,1535.741
95977,1394.886
95978,1300.1321
95979,1266.7456
95980,1219.3708
95981,1189.2701
95982,1183.862
95983,1198.541
95984,1271.1348
95985,1275.2465
95986,1315.1732
95987,1393.6201
95988,1437.5187
95989,1513.9056
95990,1592.7743
95991,1642.9203
95992,1666.0332
95993,1681.2759
95994,1683.975
95995,1700.1661
95996,1679.4568
95997,1674.282
95998,1677.9835
95999,1612.0675
96000,1495.876
96001,1492.6979
96002,1400.6478
96003,1363.5142
96004,1328.5007
96005,1293.14
96006,1279.3589
96007,1368.1013
96008,1574.3911
96009,1595.0254
96010,1611.7773
96011,1660.8752
96012,1699.7429
96013,1764.75
96014,1853.7816
96015,1904.1149
96016,1941.8402
96017,1944.7164
96018,1946.726
96019,1921.8322
96020,1892.953
96021,1876.0814
96022,1886.1224
96023,1825.2523
96024,1704.7394
96025,1542.873
96026,1455.005
96027,1415.4011
96028,1378.5972
96029,1334.9283
96030,1330.953
96031,1414.074
96032,1617.3492
96033,1624.7047
96034,1640.2994
96035,1691.4714
96036,1725.6578
96037,1783.457
96038,1874.9724
96039,1923.0913
96040,1959.7241
96041,1969.3417
96042,1971.125
96043,1949.1412
96044,1924.1758
96045,1894.581
96046,1903.8907
96047,1849.703
96048,1731.771
96049,1445.5342
96050,1345.0457
96051,1295.2626
96052,1256.1339
96053,1221.6594
96054,1229.085
96055,1301.6127
96056,1507.6781
96057,1525.8604
96058,1537.923
96059,1578.4958
96060,1621.1506
96061,1686.9435
96062,1767.797
96063,1771.8394
96064,1800.3785
96065,1809.8646
96066,1818.9679
96067,1802.2905
96068,1768.1127
96069,1750.9861
96070,1766.6688
96071,1723.4457
96072,1592.3281
96073,1404.5073
96074,1300.3339
96075,1251.0554
96076,1222.9425
96077,1190.8303
96078,1187.8302
96079,1260.1841
96080,1476.9808
96081,1483.2252
96082,1505.4089
96083,1542.6791
96084,1575.4298
96085,1649.2511
96086,1733.5386
96087,1737.7362
96088,1768.6289
96089,1779.9141
96090,1781.9485
96091,1776.5862
96092,1728.727
96093,1722.6057
96094,1736.3875
96095,1691.7266
96096,1561.302
96097,1438.0479
96098,1343.5331
96099,1270.3735
96100,1257.1587
96101,1239.1091
96102,1228.7574
96103,1268.2981
96104,1483.707
96105,1501.6304
96106,1519.3325
96107,1549.8743
96108,1574.7462
96109,1658.3201
96110,1734.905
96111,1741.007
96112,1769.6681
96113,1772.5778
96114,1779.1956
96115,1746.0598
96116,1706.2969
96117,1708.0851
96118,1719.4259
96119,1665.4149
96120,1552.1654
96121,1431.859
96122,1326.8302
96123,1265.1172
96124,1242.853
96125,1216.0956
96126,1211.9031
96127,1216.3264
96128,1309.9883
96129,1325.6001
96130,1367.7477
96131,1431.1168
96132,1479.4429
96133,1554.095
96134,1626.1447
96135,1642.9602
96136,1657.6052
96137,1669.2292
96138,1670.3011
96139,1669.3494
96140,1646.8706
96141,1648.9102
96142,1661.1011
96143,1593.4292
96144,1487.3687
96145,1368.7634
96146,1255.0414
96147,1201.5372
96148,1177.7686
96149,1159.1064
96150,1153.8785
96151,1158.6102
96152,1249.3751
96153,1258.6991
96154,1304.0635
96155,1372.3606
96156,1407.959
96157,1481.3901
96158,1559.3407
96159,1570.3063
96160,1562.2532
96161,1578.8096
96162,1586.7294
96163,1617.0388
96164,1606.4001
96165,1611.7196
96166,1606.425
96167,1569.516
96168,1462.9794
96169,1468.239
96170,1352.1838
96171,1299.6108
96172,1273.565
96173,1251.7314
96174,1255.9037
96175,1342.1981
96176,1543.2157
96177,1569.5779
96178,1590.7532
96179,1641.7092
96180,1673.7373
96181,1735.4816
96182,1819.9807
96183,1847.7225
96184,1851.467
96185,1863.1954
96186,1856.5096
96187,1860.4984
96188,1834.0391
96189,1842.216
96190,1831.979
96191,1802.1282
96192,1665.8289
96193,1574.2117
96194,1462.3129
96195,1405.7784
96196,1389.7706
96197,1365.0927
96198,1369.7931
96199,1446.5287
96200,1664.0322
96201,1679.6876
96202,1691.3876
96203,1729.9653
96204,1743.5619
96205,1803.5194
96206,1887.158
96207,1921.629
96208,1926.4208
96209,1935.6234
96210,1935.4874
96211,1936.1876
96212,1908.1722
96213,1911.6434
96214,1905.5825
96215,1888.1766
96216,1743.0443
96217,1606.4609
96218,1484.6478
96219,1427.154
96220,1404.8401
96221,1384.0736
96222,1385.763
96223,1458.3251
96224,1669.1348
96225,1690.7487
96226,1706.2664
96227,1748.0166
96228,1779.6716
96229,1838.6586
96230,1921.6086
96231,1934.161
96232,1943.4742
96233,1946.3881
96234,1946.6475
96235,1949.5472
96236,1921.1785
96237,1924.3806
96238,1921.5591
96239,1899.0208
96240,1759.828
96241,1574.5645
96242,1465.3322
96243,1406.2538
96244,1384.8237
96245,1366.8779
96246,1370.3661
96247,1440.653
96248,1651.1461
96249,1669.9476
96250,1685.6433
96251,1726.2056
96252,1747.2665
96253,1815.3328
96254,1891.4211
96255,1916.2399
96256,1920.2784
96257,1930.1676
96258,1922.5817
96259,1921.6654
96260,1889.4437
96261,1901.2948
96262,1892.1206
96263,1867.603
96264,1733.6471
96265,1482.5562
96266,1369.7657
96267,1293.1912
96268,1272.5524
96269,1254.4115
96270,1251.7395
96271,1306.6859
96272,1511.5052
96273,1527.554
96274,1544.1174
96275,1588.1355
96276,1624.9232
96277,1691.0032
96278,1768.9261
96279,1791.5925
96280,1799.2844
96281,1812.5322
96282,1801.9395
96283,1794.3226
96284,1766.6744
96285,1766.8835
96286,1764.8741
96287,1719.4612
96288,1596.3834
96289,1380.465
96290,1259.6584
96291,1192.6155
96292,1187.307
96293,1163.9276
96294,1156.8679
96295,1158.7917
96296,1255.3483
96297,1271.5778
96298,1315.1384
96299,1384.2931
96300,1431.1398
96301,1508.2571
96302,1571.7151
96303,1586.0344
96304,1580.695
96305,1596.1458
96306,1596.7052
96307,1600.9967
96308,1601.323
96309,1602.5608
96310,1606.8525
96311,1553.8563
96312,1455.3767
96313,1283.811
96314,1172.6735
96315,1144.866
96316,1087.3126
96317,1059.8096
96318,1073.7794
96319,1101.3046
96320,1196.2902
96321,1198.1472
96322,1227.3335
96323,1311.2324
96324,1340.4462
96325,1397.8329
96326,1474.101
96327,1509.8895
96328,1497.7623
96329,1505.1243
96330,1516.6342
96331,1531.365
96332,1531.6588
96333,1521.8618
96334,1558.0801
96335,1509.2076
96336,1371.671
96337,1310.0209
96338,1203.2428
96339,1175.378
96340,1139.05
96341,1122.6562
96342,1144.4336
96343,1243.7725
96344,1449.5471
96345,1471.065
96346,1482.0487
96347,1531.7128
96348,1564.8895
96349,1617.2997
96350,1675.7615
96351,1717.523
96352,1715.8889
96353,1715.646
96354,1731.6222
96355,1744.2114
96356,1713.8738
96357,1708.991
96358,1729.9387
96359,1661.5403
96360,1519.2096
96361,1364.0815
96362,1253.5483
96363,1227.6831
96364,1189.1119
96365,1172.3599
96366,1206.5715
96367,1291.1212
96368,1503.1274
96369,1519.0511
96370,1518.553
96371,1573.0017
96372,1581.012
96373,1637.1294
96374,1690.8331
96375,1720.2365
96376,1727.8069
96377,1729.8882
96378,1747.9808
96379,1752.5997
96380,1729.578
96381,1720.3611
96382,1742.7498
96383,1689.325
96384,1548.2064
96385,1354.707
96386,1238.8322
96387,1208.3905
96388,1182.4258
96389,1160.5605
96390,1190.9054
96391,1275.3638
96392,1494.7714
96393,1507.496
96394,1511.2449
96395,1564.6812
96396,1570.6597
96397,1627.4049
96398,1681.4713
96399,1693.036
96400,1702.2065
96401,1703.7289
96402,1721.7329
96403,1741.6417
96404,1715.8131
96405,1705.2401
96406,1724.8848
96407,1668.4939
96408,1527.0914
96409,1419.4496
96410,1335.0486
96411,1290.4254
96412,1262.3821
96413,1243.3243
96414,1276.3348
96415,1347.0116
96416,1551.1388
96417,1569.2253
96418,1574.6145
96419,1608.9293
96420,1609.3541
96421,1625.6858
96422,1666.527
96423,1653.644
96424,1653.1646
96425,1668.0465
96426,1663.0067
96427,1665.7047
96428,1659.1442
96429,1677.1168
96430,1689.6753
96431,1671.7852
96432,1572.6587
96433,1451.8694
96434,1368.6306
96435,1302.0664
96436,1274.975
96437,1262.6145
96438,1287.6544
96439,1336.2175
96440,1534.0348
96441,1553.9823
96442,1566.5967
96443,1602.3624
96444,1612.202
96445,1623.4603
96446,1673.8555
96447,1657.0609
96448,1650.3209
96449,1658.8157
96450,1648.8395
96451,1642.314
96452,1640.7606
96453,1647.9908
96454,1666.7935
96455,1642.5284
96456,1559.3788
96457,1370.399
96458,1278.0332
96459,1223.868
96460,1193.2285
96461,1173.974
96462,1177.2007
96463,1188.3181
96464,1277.8096
96465,1299.7682
96466,1332.6105
96467,1395.4833
96468,1409.2792
96469,1432.2074
96470,1490.2643
96471,1474.8809
96472,1463.6506
96473,1481.6266
96474,1473.9493
96475,1473.2251
96476,1496.9806
96477,1492.5269
96478,1525.204
96479,1496.3204
96480,1429.154
96481,1358.1404
96482,1286.3286
96483,1249.5972
96484,1206.6698
96485,1186.776
96486,1188.9601
96487,1203.3115
96488,1267.153
96489,1278.7577
96490,1318.9221
96491,1384.15
96492,1413.5962
96493,1429.3428
96494,1500.083
96495,1486.9607
96496,1476.1343
96497,1489.8622
96498,1474.4178
96499,1502.6202
96500,1550.5092
96501,1544.5829
96502,1576.4125
96503,1554.8447
96504,1466.085
96505,1373.0563
96506,1301.2494
96507,1242.1528
96508,1219.023
96509,1202.5465
96510,1221.4929
96511,1324.1155
96512,1503.218
96513,1533.4865
96514,1554.1571
96515,1582.8552
96516,1616.4358
96517,1631.1111
96518,1680.5282
96519,1664.296
96520,1670.4524
96521,1676.5251
96522,1667.7998
96523,1662.8771
96524,1668.5446
96525,1679.5063
96526,1689.9274
96527,1671.9163
96528,1566.7073
96529,1426.2786
96530,1351.5577
96531,1281.4468
96532,1259.7026
96533,1250.4448
96534,1264.5266
96535,1354.7125
96536,1543.0992
96537,1569.5304
96538,1580.3851
96539,1612.9376
96540,1628.4628
96541,1641.2595
96542,1695.4868
96543,1680.9768
96544,1685.2717
96545,1692.9752
96546,1686.4009
96547,1673.8391
96548,1686.4381
96549,1680.6672
96550,1700.8379
96551,1685.6339
96552,1586.0157
96553,1437.0447
96554,1358.4816
96555,1291.4769
96556,1267.8413
96557,1243.8527
96558,1263.981
96559,1353.8625
96560,1536.7701
96561,1565.672
96562,1568.5969
96563,1605.8251
96564,1625.9226
96565,1644.4617
96566,1689.5029
96567,1670.1113
96568,1687.5388
96569,1684.3075
96570,1669.008
96571,1659.147
96572,1674.0481
96573,1675.6401
96574,1701.6742
96575,1684.6709
96576,1577.515
96577,1503.6392
96578,1430.4487
96579,1364.8
96580,1348.1732
96581,1325.7576
96582,1339.6019
96583,1427.2676
96584,1616.3307
96585,1642.1111
96586,1649.1614
96587,1684.7267
96588,1700.3884
96589,1717.6735
96590,1764.5942
96591,1747.2662
96592,1756.6259
96593,1758.5464
96594,1751.284
96595,1747.0123
96596,1747.1448
96597,1757.6493
96598,1769.5776
96599,1753.6224
96600,1650.2324
96601,1502.4507
96602,1434.9337
96603,1343.1871
96604,1328.25
96605,1306.6135
96606,1317.4602
96607,1377.5363
96608,1563.5896
96609,1585.7766
96610,1598.021
96611,1636.7401
96612,1661.7579
96613,1686.4641
96614,1730.1733
96615,1711.287
96616,1717.037
96617,1701.9854
96618,1692.61
96619,1672.0392
96620,1686.7136
96621,1689.0265
96622,1698.3079
96623,1675.1078
96624,1595.7665
96625,1440.0862
96626,1363.9546
96627,1291.9307
96628,1260.7714
96629,1238.5338
96630,1238.8821
96631,1268.604
96632,1332.211
96633,1358.049
96634,1402.1443
96635,1453.9019
96636,1485.7213
96637,1508.3296
96638,1564.6084
96639,1550.1594
96640,1548.0366
96641,1556.5015
96642,1539.352
96643,1540.5044
96644,1582.534
96645,1568.8086
96646,1595.98
96647,1570.6877
96648,1493.7599
96649,1396.9951
96650,1311.2058
96651,1276.031
96652,1249.0103
96653,1229.0142
96654,1227.517
96655,1232.1349
96656,1301.8369
96657,1316.0526
96658,1353.5018
96659,1405.2416
96660,1437.1754
96661,1462.1741
96662,1527.2894
96663,1514.9531
96664,1481.643
96665,1488.9257
96666,1474.7402
96667,1523.1909
96668,1553.0621
96669,1555.9363
96670,1587.6853
96671,1581.0358
96672,1477.9564
96673,1484.145
96674,1401.4662
96675,1355.088
96676,1334.6013
96677,1327.0078
96678,1350.0253
96679,1441.8252
96680,1627.3142
96681,1659.0695
96682,1679.0537
96683,1696.5786
96684,1726.0709
96685,1742.3082
96686,1777.4927
96687,1773.1664
96688,1757.1101
96689,1768.6761
96690,1748.9535
96691,1754.1093
96692,1764.4922
96693,1777.8483
96694,1790.489
96695,1778.6564
96696,1671.6573
96697,1491.4484
96698,1404.4912
96699,1347.6692
96700,1340.6605
96701,1325.2649
96702,1350.2177
96703,1434.8524
96704,1622.9467
96705,1637.7201
96706,1658.5812
96707,1681.6423
96708,1703.8069
96709,1707.4939
96710,1751.1782
96711,1739.4487
96712,1718.2825
96713,1733.9789
96714,1716.1299
96715,1723.9712
96716,1744.325
96717,1741.9435
96718,1761.7723
96719,1752.3479
96720,1645.9392
96721,1504.8453
96722,1418.9492
96723,1368.2378
96724,1357.131
96725,1331.1749
96726,1354.3644
96727,1436.3887
96728,1621.4678
96729,1649.0042
96730,1658.7444
96731,1678.6311
96732,1699.1631
96733,1710.2421
96734,1751.0277
96735,1740.4526
96736,1716.6682
96737,1728.555
96738,1716.7803
96739,1730.3633
96740,1740.9819
96741,1740.5929
96742,1769.2985
96743,1750.92
96744,1642.7894
96745,1490.6235
96746,1399.7786
96747,1354.8654
96748,1345.4888
96749,1325.6288
96750,1348.3966
96751,1431.549
96752,1620.6204
96753,1640.6978
96754,1661.6827
96755,1672.33
96756,1684.0446
96757,1698.9633
96758,1737.3242
96759,1730.4633
96760,1709.6992
96761,1729.2478
96762,1710.853
96763,1720.3525
96764,1722.6028
96765,1742.123
96766,1758.6672
96767,1746.0387
96768,1638.5764
96769,1495.4204
96770,1422.5039
96771,1347.8052
96772,1340.9332
96773,1329.9565
96774,1349.5862
96775,1401.7534
96776,1595.3794
96777,1616.2424
96778,1633.2566
96779,1644.8752
96780,1656.3561
96781,1689.3252
96782,1715.133
96783,1703.9539
96784,1686.0271
96785,1693.5858
96786,1673.9286
96787,1663.6582
96788,1675.7452
96789,1697.0222
96790,1708.7147
96791,1694.0623
96792,1599.722
96793,1455.7385
96794,1365.9894
96795,1306.4702
96796,1288.0449
96797,1261.5874
96798,1266.9116
96799,1283.6337
96800,1358.288
96801,1383.1084
96802,1422.6254
96803,1463.7019
96804,1498.7119
96805,1518.7751
96806,1574.3748
96807,1564.6074
96808,1529.3883
96809,1542.6674
96810,1515.6654
96811,1534.115
96812,1572.4861
96813,1566.6843
96814,1599.0739
96815,1584.0177
96816,1493.9104
96817,1382.8633
96818,1307.8214
96819,1277.624
96820,1273.0165
96821,1265.6296
96822,1244.0951
96823,1257.2484
96824,1336.0354
96825,1362.232
96826,1394.8485
96827,1445.1367
96828,1465.4508
96829,1474.5203
96830,1515.2229
96831,1512.411
96832,1468.064
96833,1468.7416
96834,1454.9275
96835,1531.6064
96836,1558.9602
96837,1605.6118
96838,1595.1586
96839,1579.5413
96840,1501.2985
96841,1409.5059
96842,1342.788
96843,1305.7954
96844,1297.1019
96845,1299.7932
96846,1315.4987
96847,1398.9805
96848,1598.8849
96849,1645.096
96850,1654.4065
96851,1683.5596
96852,1694.6898
96853,1691.8193
96854,1717.3473
96855,1721.9908
96856,1685.7573
96857,1675.6577
96858,1673.4507
96859,1702.2134
96860,1727.472
96861,1758.3264
96862,1743.223
96863,1726.9447
96864,1635.2776
96865,1471.8583
96866,1387.924
96867,1351.1644
96868,1342.9116
96869,1340.6849
96870,1368.1029
96871,1447.6506
96872,1641.535
96873,1686.535
96874,1686.0858
96875,1708.5916
96876,1715.6678
96877,1707.5148
96878,1738.663
96879,1744.2555
96880,1704.2151
96881,1695.6866
96882,1697.6013
96883,1727.6582
96884,1750.6943
96885,1783.0222
96886,1772.7952
96887,1756.833
96888,1654.5115
96889,1462.7639
96890,1382.4691
96891,1334.1361
96892,1325.7273
96893,1313.0063
96894,1327.1919
96895,1411.176
96896,1606.1776
96897,1643.7512
96898,1650.9989
96899,1680.008
96900,1694.8243
96901,1692.0833
96902,1721.2609
96903,1718.7057
96904,1680.7472
96905,1667.8182
96906,1670.6152
96907,1693.3514
96908,1721.4303
96909,1747.1102
96910,1746.1311
96911,1724.0741
96912,1636.4625
96913,1466.0602
96914,1389.3457
96915,1344.0497
96916,1329.8663
96917,1321.6036
96918,1340.9475
96919,1427.7251
96920,1627.1024
96921,1666.6066
96922,1670.6556
96923,1686.5009
96924,1697.351
96925,1698.934
96926,1719.5574
96927,1725.1515
96928,1692.182
96929,1684.9303
96930,1676.369
96931,1705.0889
96932,1725.4808
96933,1761.5176
96934,1748.7493
96935,1728.0599
96936,1633.0073
96937,1454.5586
96938,1384.1139
96939,1319.3635
96940,1313.1876
96941,1295.0167
96942,1321.3198
96943,1376.2412
96944,1585.8374
96945,1617.8263
96946,1617.2504
96947,1643.6106
96948,1658.2687
96949,1656.9596
96950,1682.4261
96951,1680.1519
96952,1645.5417
96953,1638.6068
96954,1636.009
96955,1665.5797
96956,1673.3812
96957,1708.262
96958,1688.651
96959,1663.7137
96960,1575.4034
96961,1411.5591
96962,1332.3594
96963,1266.9374
96964,1271.2454
96965,1256.9285
96966,1243.455
96967,1269.8135
96968,1358.8785
96969,1394.0393
96970,1416.7341
96971,1473.8932
96972,1504.3523
96973,1507.929
96974,1537.58
96975,1534.4078
96976,1495.2965
96977,1496.1664
96978,1475.2902
96979,1527.6627
96980,1552.1005
96981,1594.6544
96982,1585.222
96983,1568.1554
96984,1484.0576
96985,1373.2457
96986,1309.6315
96987,1274.2075
96988,1268.9534
96989,1250.4667
96990,1251.6152
96991,1276.1273
96992,1365.4825
96993,1377.0906
96994,1413.9861
96995,1445.8226
96996,1449.8645
96997,1452.732
96998,1487.7576
96999,1489.9042
97000,1447.3821
97001,1466.8678
97002,1451.4576
97003,1494.9615
97004,1558.0187
97005,1585.8446
97006,1592.7582
97007,1565.7598
97008,1502.5231
97009,1416.6113
97010,1355.578
97011,1305.358
97012,1313.5376
97013,1312.9819
97014,1319.0093
97015,1432.7529
97016,1630.2163
97017,1667.9626
97018,1681.5148
97019,1688.3881
97020,1689.3232
97021,1687.9523
97022,1711.4178
97023,1708.4224
97024,1672.2815
97025,1683.6145
97026,1673.2704
97027,1683.7415
97028,1723.9692
97029,1756.5216
97030,1756.037
97031,1713.8685
97032,1633.7427
97033,1496.91
97034,1422.4711
97035,1369.328
97036,1368.9153
97037,1368.0558
97038,1389.3976
97039,1488.2087
97040,1682.6478
97041,1714.0668
97042,1722.07
97043,1733.1024
97044,1728.3143
97045,1722.266
97046,1753.5651
97047,1737.6561
97048,1704.6351
97049,1717.3491
97050,1708.0029
97051,1724.4232
97052,1769.5703
97053,1797.4598
97054,1797.8588
97055,1768.6244
97056,1688.3766
97057,1473.1782
97058,1394.5591
97059,1339.6123
97060,1346.6956
97061,1336.4106
97062,1355.1407
97063,1451.5154
97064,1654.3154
97065,1677.3185
97066,1686.2655
97067,1698.0269
97068,1686.946
97069,1686.4104
97070,1713.274
97071,1691.221
97072,1662.6104
97073,1671.1948
97074,1665.3777
97075,1672.7838
97076,1714.9924
97077,1745.0719
97078,1753.9978
97079,1732.5924
97080,1644.0067
97081,1458.5618
97082,1383.9604
97083,1339.524
97084,1337.7249
97085,1328.8667
97086,1337.0372
97087,1442.8998
97088,1649.2063
97089,1674.3422
97090,1685.6711
97091,1690.5117
97092,1682.0066
97093,1680.2812
97094,1708.1003
97095,1689.6025
97096,1659.4417
97097,1673.054
97098,1659.4714
97099,1669.6735
97100,1706.6599
97101,1741.2924
97102,1749.7603
97103,1713.3207
97104,1643.5068
97105,1476.5386
97106,1404.5011
97107,1330.4509
97108,1350.9895
97109,1345.7755
97110,1350.1023
97111,1419.1912
97112,1629.1471
97113,1652.1913
97114,1658.2355
97115,1676.7264
97116,1660.7644
97117,1659.8539
97118,1688.9617
97119,1677.4863
97120,1638.2898
97121,1653.0094
97122,1649.2906
97123,1646.6088
97124,1687.6813
97125,1716.0278
97126,1713.9043
97127,1668.0312
97128,1604.169
97129,1383.1107
97130,1313.125
97131,1250.6147
97132,1258.5726
97133,1241.6934
97134,1234.4087
97135,1267.3221
97136,1363.7202
97137,1388.1389
97138,1423.3801
97139,1460.1989
97140,1460.712
97141,1458.6074
97142,1497.6665
97143,1486.2156
97144,1449.9652
97145,1456.5743
97146,1447.1394
97147,1457.0685
97148,1528.4382
97149,1546.0084
97150,1552.3542
97151,1513.4102
97152,1467.3154
97153,1432.8685
97154,1371.3499
97155,1355.8109
97156,1319.636
97157,1303.0364
97158,1308.222
97159,1342.0846
97160,1424.7448
97161,1453.2239
97162,1469.2485
97163,1507.3059
97164,1516.9209
97165,1515.8938
97166,1535.9873
97167,1530.6005
97168,1508.4579
97169,1514.0679
97170,1511.0529
97171,1595.9888
97172,1664.9906
97173,1669.2565
97174,1663.204
97175,1624.8518
97176,1552.6763
97177,1486.2188
97178,1428.7845
97179,1395.239
97180,1366.4965
97181,1370.852
97182,1380.0189
97183,1512.8356
97184,1705.5057
97185,1750.5449
97186,1749.3345
97187,1755.3125
97188,1762.1654
97189,1756.2805
97190,1773.1448
97191,1756.8131
97192,1746.6974
97193,1744.5702
97194,1744.8837
97195,1807.8243
97196,1840.3798
97197,1833.9421
97198,1835.2454
97199,1788.6818
97200,1698.2349
97201,1502.683
97202,1426.5396
97203,1383.8738
97204,1367.371
97205,1366.9517
97206,1395.391
97207,1507.8054
97208,1713.2899
97209,1750.5488
97210,1745.1873
97211,1741.1339
97212,1732.5115
97213,1725.0165
97214,1737.1741
97215,1715.7479
97216,1704.1019
97217,1711.4523
97218,1709.2124
97219,1774.7375
97220,1812.0115
97221,1806.5602
97222,1806.3282
97223,1763.1548
97224,1671.7526
97225,1528.4777
97226,1463.2571
97227,1426.9204
97228,1404.0634
97229,1391.8837
97230,1415.4219
97231,1531.1782
97232,1732.7366
97233,1776.9397
97234,1761.9496
97235,1769.2554
97236,1759.0242
97237,1746.9911
97238,1773.7915
97239,1752.6544
97240,1736.1318
97241,1737.0852
97242,1729.886
97243,1799.3773
97244,1832.6268
97245,1835.1796
97246,1821.8878
97247,1783.5398
97248,1695.2922
97249,1499.6869
97250,1436.3324
97251,1404.6438
97252,1387.0603
97253,1371.5807
97254,1388.9797
97255,1506.3961
97256,1711.9689
97257,1747.197
97258,1743.9358
97259,1743.291
97260,1733.4884
97261,1730.0487
97262,1744.7704
97263,1728.0465
97264,1724.8766
97265,1721.8291
97266,1719.0269
97267,1785.8495
97268,1812.8479
97269,1814.1537
97270,1804.0251
97271,1768.5878
97272,1674.438
97273,1556.6271
97274,1491.2819
97275,1435.8148
97276,1415.4385
97277,1406.0886
97278,1424.1672
97279,1506.4695
97280,1701.076
97281,1741.7618
97282,1732.9011
97283,1748.9987
97284,1743.8888
97285,1737.9164
97286,1763.6017
97287,1746.6824
97288,1731.5123
97289,1719.4767
97290,1720.9451
97291,1764.1628
97292,1792.0793
97293,1790.2257
97294,1778.572
97295,1756.1333
97296,1671.3081
97297,1526.9404
97298,1460.69
97299,1410.3895
97300,1388.765
97301,1372.0017
97302,1374.6011
97303,1423.3077
97304,1510.1312
97305,1561.8506
97306,1571.7472
97307,1603.9384
97308,1611.4893
97309,1612.4443
97310,1632.3994
97311,1612.0831
97312,1604.9303
97313,1593.1283
97314,1586.492
97315,1649.4747
97316,1701.9673
97317,1698.0996
97318,1697.2782
97319,1663.1693
97320,1591.8251
97321,1395.5574
97322,1334.0735
97323,1298.1268
97324,1277.0007
97325,1285.4974
97326,1275.3419
97327,1314.6989
97328,1386.5925
97329,1417.5155
97330,1445.8425
97331,1462.6315
97332,1460.3556
97333,1457.993
97334,1488.5205
97335,1477.0519
97336,1459.6362
97337,1465.6986
97338,1459.35
97339,1557.4176
97340,1617.406
97341,1629.6963
97342,1630.36
97343,1581.3943
97344,1506.7572
97345,1464.26
97346,1403.2288
97347,1345.8524
97348,1339.8593
97349,1354.4648
97350,1361.4224
97351,1491.2694
97352,1684.6709
97353,1737.3787
97354,1756.4976
97355,1726.7941
97356,1715.5634
97357,1721.2485
97358,1731.7412
97359,1716.9519
97360,1713.9126
97361,1711.5787
97362,1705.0743
97363,1778.256
97364,1814.6411
97365,1818.5779
97366,1808.2333
97367,1756.3478
97368,1669.4293
97369,1558.499
97370,1493.6747
97371,1431.6992
97372,1417.4609
97373,1425.1709
97374,1446.9672
97375,1563.9756
97376,1755.8834
97377,1803.1544
97378,1815.4547
97379,1792.1671
97380,1773.0648
97381,1769.9979
97382,1786.2302
97383,1770.5923
97384,1768.303
97385,1758.8268
97386,1759.6456
97387,1832.4349
97388,1881.3479
97389,1864.3303
97390,1875.5935
97391,1824.9058
97392,1734.0992
97393,1551.0503
97394,1486.4473
97395,1431.0553
97396,1412.9893
97397,1415.1921
97398,1430.6
97399,1550.7603
97400,1733.4109
97401,1790.8027
97402,1799.4888
97403,1779.7853
97404,1761.766
97405,1763.0503
97406,1782.8759
97407,1764.8031
97408,1765.3845
97409,1750.0319
97410,1749.8887
97411,1820.176
97412,1855.5112
97413,1855.7104
97414,1849.599
97415,1810.8483
97416,1716.5807
97417,1533.5853
97418,1466.3575
97419,1412.6216
97420,1405.0483
97421,1398.6439
97422,1411.6228
97423,1531.8821
97424,1728.1743
97425,1767.4393
97426,1779.8052
97427,1768.2537
97428,1748.3242
97429,1743.7872
97430,1765.7706
97431,1740.8367
97432,1745.4802
97433,1727.947
97434,1732.0651
97435,1799.3894
97436,1836.3942
97437,1829.8047
97438,1829.6224
97439,1789.1464
97440,1703.3643
97441,1546.5133
97442,1490.573
97443,1416.8737
97444,1421.4171
97445,1416.5676
97446,1416.0183
97447,1513.4478
97448,1707.2761
97449,1747.1466
97450,1759.1538
97451,1741.5482
97452,1729.9313
97453,1724.0641
97454,1751.9115
97455,1720.6973
97456,1720.737
97457,1714.8523
97458,1712.2549
97459,1786.9441
97460,1810.0818
97461,1810.1753
97462,1793.3405
97463,1751.2012
97464,1671.0944
97465,1484.6119
97466,1417.7777
97467,1354.9637
97468,1352.3773
97469,1340.1996
97470,1335.6106
97471,1398.3129
97472,1464.1945
97473,1513.1682
97474,1540.396
97475,1553.8064
97476,1555.8741
97477,1550.8608
97478,1576.2279
97479,1554.8525
97480,1540.2831
97481,1542.991
97482,1534.3658
97483,1632.584
97484,1671.9928
97485,1673.0818
97486,1672.1487
97487,1628.8085
97488,1552.5541
97489,1355.6074
97490,1297.4491
97491,1247.9728
97492,1231.0912
97493,1234.8138
97494,1232.0272
97495,1272.7748
97496,1347.8711
97497,1379.3057
97498,1421.8854
97499,1436.0696
97500,1415.0465
97501,1415.18
97502,1442.2595
97503,1463.0663
97504,1429.1549
97505,1432.6329
97506,1436.2417
97507,1551.9928
97508,1619.3906
97509,1620.9236
97510,1609.0088
97511,1559.3553
97512,1484.8816
97513,1449.4467
97514,1398.0563
97515,1341.4437
97516,1318.2325
97517,1338.7778
97518,1360.8574
97519,1464.8448
97520,1672.9456
97521,1710.9398
97522,1734.334
97523,1732.1926
97524,1700.6163
97525,1711.1278
97526,1713.4404
97527,1702.9393
97528,1682.9152
97529,1692.1842
97530,1683.8914
97531,1758.0803
97532,1808.1946
97533,1809.4781
97534,1795.3118
97535,1749.8989
97536,1662.2568
97537,1544.741
97538,1485.0033
97539,1422.6052
97540,1402.555
97541,1411.685
97542,1438.7455
97543,1536.9734
97544,1741.4937
97545,1771.4363
97546,1786.9408
97547,1789.9951
97548,1762.2762
97549,1761.845
97550,1774.184
97551,1759.448
97552,1743.7924
97553,1748.276
97554,1747.4084
97555,1827.3606
97556,1875.1583
97557,1865.9817
97558,1857.5464
97559,1816.4589
97560,1723.8693
97561,1563.4904
97562,1500.1993
97563,1441.1245
97564,1418.0815
97565,1413.978
97566,1438.8066
97567,1543.826
97568,1747.3533
97569,1776.3157
97570,1793.6289
97571,1794.3505
97572,1764.1626
97573,1764.6947
97574,1776.2976
97575,1761.2623
97576,1743.1047
97577,1742.0164
97578,1738.5592
97579,1821.4679
97580,1874.0708
97581,1867.1208
97582,1850.6919
97583,1802.6912
97584,1717.9545
97585,1481.4124
97586,1421.3772
97587,1364.0559
97588,1337.219
97589,1343.3406
97590,1369.4893
97591,1464.3022
97592,1676.1787
97593,1701.5028
97594,1724.0376
97595,1727.1677
97596,1691.5144
97597,1693.7523
97598,1703.9191
97599,1691.6884
97600,1673.7827
97601,1675.2241
97602,1666.3662
97603,1752.6482
97604,1804.3651
97605,1803.5531
97606,1784.1307
97607,1743.7476
97608,1656.8901
97609,1538.3396
97610,1485.2245
97611,1408.2075
97612,1400.8962
97613,1412.443
97614,1429.6256
97615,1481.3948
97616,1701.252
97617,1725.6344
97618,1745.7745
97619,1746.7637
97620,1708.1732
97621,1719.4138
97622,1729.291
97623,1713.008
97624,1691.1396
97625,1686.6926
97626,1690.844
97627,1758.8567
97628,1807.5745
97629,1809.796
97630,1797.0712
97631,1754.5302
97632,1661.3285
97633,1548.0123
97634,1483.3252
97635,1412.8339
97636,1401.553
97637,1397.9452
97638,1399.3591
97639,1454.1831
97640,1536.4991
97641,1563.7467
97642,1607.7041
97643,1636.379
97644,1635.898
97645,1635.5482
97646,1656.4624
97647,1636.165
97648,1605.5146
97649,1611.6063
97650,1604.0122
97651,1698.324
97652,1747.147
97653,1753.1554
97654,1736.8701
97655,1688.7001
97656,1600.813
97657,1472.6176
97658,1392.1733
97659,1343.2144
97660,1334.5724
97661,1333.3038
97662,1327.7126
97663,1373.0559
97664,1440.246
97665,1472.2871
97666,1532.2816
97667,1542.3722
97668,1523.8137
97669,1531.5282
97670,1551.9789
97671,1568.3857
97672,1526.1456
97673,1535.6931
97674,1536.2373
97675,1644.2767
97676,1703.6687
97677,1715.0277
97678,1706.6797
97679,1656.4794
97680,1587.9731
97681,1493.4042
97682,1416.0775
97683,1368.6676
97684,1356.9233
97685,1359.5408
97686,1376.7278
97687,1485.1515
97688,1688.1033
97689,1716.9778
97690,1748.6942
97691,1758.1307
97692,1735.7157
97693,1744.6527
97694,1747.9636
97695,1749.9976
97696,1705.4796
97697,1727.737
97698,1714.8062
97699,1785.7063
97700,1849.0267
97701,1852.7725
97702,1827.9563
97703,1783.0658
97704,1691.5347
97705,1520.4332
97706,1433.6503
97707,1368.5679
97708,1357.0513
97709,1359.3184
97710,1376.2255
97711,1482.7524
97712,1680.2783
97713,1705.6381
97714,1730.0609
97715,1739.3096
97716,1720.8325
97717,1718.474
97718,1731.8615
97719,1712.8969
97720,1678.6422
97721,1695.5576
97722,1685.0273
97723,1764.1752
97724,1827.1027
97725,1827.2126
97726,1813.6471
97727,1766.2994
97728,1680.1436
97729,1505.5303
97730,1422.3717
97731,1370.67
97732,1355.0063
97733,1349.4785
97734,1363.925
97735,1465.7476
97736,1664.9459
97737,1687.2069
97738,1711.0447
97739,1725.2677
97740,1703.9893
97741,1705.0491
97742,1714.5286
97743,1695.9586
97744,1661.1871
97745,1668.349
97746,1662.7806
97747,1741.2131
97748,1798.3594
97749,1798.9924
97750,1782.0535
97751,1741.2872
97752,1655.7473
97753,1460.8289
97754,1375.1383
97755,1326.2732
97756,1312.1982
97757,1308.5148
97758,1325.7076
97759,1425.9797
97760,1619.068
97761,1636.9232
97762,1672.8981
97763,1674.9152
97764,1657.386
97765,1659.6967
97766,1665.932
97767,1650.6201
97768,1617.6925
97769,1636.8542
97770,1618.236
97771,1700.9729
97772,1755.6625
97773,1764.1084
97774,1746.965
97775,1696.004
97776,1616.4723
97777,1491.4004
97778,1417.7426
97779,1353.176
97780,1352.062
97781,1353.4669
97782,1362.3351
97783,1423.8313
97784,1621.489
97785,1649.3898
97786,1678.2635
97787,1677.0292
97788,1653.044
97789,1662.221
97790,1673.1741
97791,1653.8921
97792,1615.8617
97793,1620.0891
97794,1602.2399
97795,1675.86
97796,1722.1128
97797,1738.6873
97798,1715.3407
97799,1672.9283
97800,1595.3788
97801,1487.5676
97802,1403.9282
97803,1342.4132
97804,1345.5042
97805,1333.8755
97806,1340.0714
97807,1388.5441
97808,1483.6445
97809,1514.519
97810,1565.1069
97811,1594.1562
97812,1573.4349
97813,1582.6184
97814,1592.7422
97815,1562.6265
97816,1525.7666
97817,1535.155
97818,1532.213
97819,1620.7859
97820,1671.8682
97821,1682.2778
97822,1660.7036
97823,1619.62
97824,1528.7595
97825,1374.3461
97826,1374.5466
97827,1320.2153
97828,1312.5403
97829,1307.6144
97830,1300.4271
97831,1342.6973
97832,1346.2306
97833,1445.3933
97834,1539.4047
97835,1528.3253
97836,1535.2458
97837,1540.6055
97838,1571.7498
97839,1587.3582
97840,1569.685
97841,1575.8461
97842,1575.2646
97843,1678.3586
97844,1741.9562
97845,1732.3386
97846,1743.9141
97847,1696.7421
97848,1622.941
97849,1481.2825
97850,1486.8903
97851,1428.8656
97852,1419.3705
97853,1439.6813
97854,1449.0372
97855,1558.7351
97856,1699.4086
97857,1799.9976
97858,1870.2924
97859,1850.2032
97860,1833.6521
97861,1844.4342
97862,1850.9152
97863,1849.7803
97864,1836.3406
97865,1855.0754
97866,1847.4109
97867,1914.7936
97868,1959.2582
97869,1961.2023
97870,1951.643
97871,1899.9337
97872,1809.8502
97873,1643.011
97874,1616.4124
97875,1582.5343
97876,1569.7734
97877,1576.6515
97878,1591.7731
97879,1680.8223
97880,1796.9565
97881,1899.5084
97882,1923.8696
97883,1918.5988
97884,1908.7357
97885,1891.9407
97886,1910.5437
97887,1891.9453
97888,1893.4272
97889,1887.8118
97890,1894.4016
97891,1978.0402
97892,2032.1053
97893,2015.1316
97894,2013.556
97895,1973.3086
97896,1895.9429
97897,1696.8119
97898,1675.8801
97899,1640.1368
97900,1623.2231
97901,1625.1256
97902,1636.6532
97903,1730.1805
97904,1837.0194
97905,1938.2188
97906,1967.642
97907,1963.4043
97908,1952.1823
97909,1936.1805
97910,1957.1931
97911,1926.1124
97912,1933.4022
97913,1922.9297
97914,1922.6467
97915,2015.3318
97916,2076.1785
97917,2062.9238
97918,2058.562
97919,2019.955
97920,1944.7949
97921,1701.4247
97922,1672.3999
97923,1645.3203
97924,1632.1648
97925,1631.762
97926,1649.0209
97927,1742.1478
97928,1850.0999
97929,1951.8679
97930,1982.3967
97931,1962.2179
97932,1955.2728
97933,1949.1891
97934,1957.9719
97935,1942.597
97936,1938.7957
97937,1946.54
97938,1934.8732
97939,2030.0503
97940,2072.3398
97941,2070.303
97942,2063.901
97943,2016.367
97944,1939.7543
97945,1738.5348
97946,1717.528
97947,1670.2937
97948,1664.7656
97949,1667.2181
97950,1679.5669
97951,1741.6388
97952,1854.0347
97953,1968.0609
97954,1985.3837
97955,1976.9934
97956,1965.5823
97957,1946.6614
97958,1970.0208
97959,1950.9907
97960,1951.9956
97961,1941.0988
97962,1934.2261
97963,2027.1017
97964,2063.9368
97965,2048.2397
97966,2040.1855
97967,1996.7303
97968,1922.1552
97969,1712.8478
97970,1726.9296
97971,1680.6455
97972,1682.7753
97973,1666.9685
97974,1664.4574
97975,1703.7979
97976,1712.7606
97977,1813.5311
97978,1871.6431
97979,1883.9445
97980,1854.5525
97981,1847.0125
97982,1870.8997
97983,1847.3527
97984,1838.3069
97985,1842.2402
97986,1847.9385
97987,1940.0056
97988,1992.3075
97989,1973.1289
97990,1967.1122
97991,1921.3668
97992,1887.3022
97993,1754.2396
97994,1766.2426
97995,1724.0045
97996,1691.3203
97997,1688.5198
97998,1704.2998
97999,1740.23
98000,1714.591
98001,1832.0579
98002,1882.9878
98003,1891.4684
98004,1864.1074
98005,1846.3368
98006,1879.9178
98007,1891.1764
98008,1865.9762
98009,1887.6674
98010,1885.878
98011,1976.9839
98012,2037.2599
98013,2035.8577
98014,2023.7738
98015,1984.0457
98016,1961.395
98017,1807.3029
98018,1786.6372
98019,1742.4106
98020,1726.4446
98021,1735.2113
98022,1762.5887
98023,1867.1904
98024,1978.1201
98025,2098.015
98026,2126.1025
98027,2119.9084
98028,2109.5884
98029,2090.5896
98030,2109.4673
98031,2085.5046
98032,2082.281
98033,2091.3896
98034,2087.8186
98035,2175.3083
98036,2232.509
98037,2224.4026
98038,2201.6853
98039,2162.2395
98040,2077.3518
98041,1840.2249
98042,1821.61
98043,1775.7745
98044,1754.6342
98045,1761.7181
98046,1791.0911
98047,1879.7599
98048,2004.4688
98049,2109.936
98050,2126.9385
98051,2121.8416
98052,2105.883
98053,2090.4702
98054,2108.3767
98055,2074.5913
98056,2077.9753
98057,2069.3994
98058,2085.1726
98059,2163.9792
98060,2225.236
98061,2217.6858
98062,2198.9475
98063,2154.1157
98064,2080.9368
98065,1774.3346
98066,1751.9783
98067,1713.7646
98068,1683.2382
98069,1675.5365
98070,1706.3394
98071,1800.1705
98072,1911.6875
98073,2026.2465
98074,2042.6249
98075,2036.4441
98076,2030.0317
98077,2015.0575
98078,2030.5066
98079,1997.9816
98080,1995.7303
98081,1983.9796
98082,1999.3964
98083,2085.6477
98084,2140.7485
98085,2135.1204
98086,2114.2676
98087,2068.8438
98088,1994.8086
98089,1878.4613
98090,1854.3875
98091,1808.8291
98092,1792.7456
98093,1787.075
98094,1816.266
98095,1915.5193
98096,2027.3191
98097,2133.089
98098,2165.5703
98099,2149.7734
98100,2135.2927
98101,2119.7683
98102,2135.9626
98103,2103.6194
98104,2100.6123
98105,2102.6726
98106,2111.2134
98107,2199.8052
98108,2250.4067
98109,2242.7207
98110,2234.2136
98111,2195.3914
98112,2113.2656
98113,1921.6178
98114,1904.2352
98115,1841.3658
98116,1834.3815
98117,1835.3253
98118,1855.9911
98119,1924.6042
98120,2035.6785
98121,2147.7212
98122,2172.3628
98123,2166.85
98124,2146.039
98125,2137.7
98126,2159.1804
98127,2121.7554
98128,2124.554
98129,2113.261
98130,2114.3643
98131,2194.7322
98132,2237.5786
98133,2237.912
98134,2220.204
98135,2180.844
98136,2108.733
98137,1924.0646
98138,1934.4363
98139,1879.6625
98140,1871.0336
98141,1860.3645
98142,1865.174
98143,1907.4668
98144,1914.5691
98145,2015.7944
98146,2063.7275
98147,2094.6377
98148,2059.3018
98149,2043.4991
98150,2073.2915
98151,2041.2155
98152,2026.4694
98153,2032.9092
98154,2042.5741
98155,2126.3171
98156,2170.0256
98157,2167.5415
98158,2156.092
98159,2118.9165
98160,2073.7375
98161,1682.0999
98162,1688.6307
98163,1650.9785
98164,1623.7089
98165,1623.214
98166,1628.7148
98167,1670.9349
98168,1627.388
98169,1745.728
98170,1802.1011
98171,1811.1326
98172,1803.2863
98173,1782.3237
98174,1819.799
98175,1819.5071
98176,1785.6611
98177,1818.2723
98178,1812.0719
98179,1913.2996
98180,1981.7244
98181,1977.7196
98182,1961.5342
98183,1913.255
98184,1905.176
98185,1674.9125
98186,1651.3558
98187,1627.1003
98188,1590.6505
98189,1604.0132
98190,1638.8257
98191,1730.8018
98192,1825.6031
98193,1944.9459
98194,1977.2034
98195,1971.9283
98196,1979.8763
98197,1968.0818
98198,1976.5573
98199,1952.2126
98200,1937.7793
98201,1959.9034
98202,1953.8624
98203,2044.5292
98204,2099.8145
98205,2100.461
98206,2076.959
98207,2028.5947
98208,1960.7295
98209,1715.2405
98210,1683.2946
98211,1651.3225
98212,1628.3113
98213,1643.7456
98214,1672.2441
98215,1750.6907
98216,1862.9891
98217,1972.6744
98218,2001.3246
98219,1981.6696
98220,1975.7572
98221,1959.7678
98222,1978.531
98223,1949.5642
98224,1946.8043
98225,1948.8365
98226,1949.6927
98227,2044.7505
98228,2104.7305
98229,2096.8608
98230,2087.1414
98231,2039.2113
98232,1963.5961
98233,1777.0739
98234,1752.0314
98235,1722.2345
98236,1700.1997
98237,1706.6761
98238,1738.3712
98239,1822.5396
98240,1925.5767
98241,2040.2494
98242,2066.9878
98243,2056.2793
98244,2037.2272
98245,2033.54
98246,2041.3693
98247,2000.3608
98248,1988.8066
98249,2002.0585
98250,2003.2684
98251,2087.1663
98252,2145.0596
98253,2155.7446
98254,2138.7607
98255,2098.7307
98256,2024.7131
98257,1794.5815
98258,1762.8163
98259,1735.7716
98260,1711.984
98261,1716.3546
98262,1750.9739
98263,1829.2777
98264,1936.5482
98265,2045.4735
98266,2079.1736
98267,2062.308
98268,2056.6895
98269,2047.1841
98270,2050.9087
98271,2020.0043
98272,2010.5426
98273,2021.2494
98274,2012.0885
98275,2094.967
98276,2136.2441
98277,2149.2405
98278,2141.094
98279,2095.9497
98280,2025.8444
98281,1753.3658
98282,1728.0098
98283,1675.714
98284,1648.053
98285,1662.1333
98286,1689.1378
98287,1747.5515
98288,1843.9418
98289,1958.2942
98290,1994.5359
98291,1977.1804
98292,1976.4211
98293,1964.6858
98294,1977.2903
98295,1941.3859
98296,1931.4045
98297,1931.3268
98298,1917.556
98299,2000.0508
98300,2051.2947
98301,2051.702
98302,2035.0848
98303,1996.1412
98304,1936.2085
98305,1627.1384
98306,1632.1184
98307,1586.9225
98308,1566.0746
98309,1565.2534
98310,1572.6764
98311,1608.2554
98312,1593.2803
98313,1705.0708
98314,1762.8931
98315,1787.9912
98316,1762.6075
98317,1755.1251
98318,1776.2733
98319,1742.423
98320,1718.9955
98321,1726.9958
98322,1730.6772
98323,1831.0527
98324,1888.6713
98325,1888.0652
98326,1871.2932
98327,1825.6118
98328,1794.8691
98329,1711.8998
98330,1718.4342
98331,1677.2994
98332,1661.6171
98333,1640.81
98334,1657.0956
98335,1692.7767
98336,1648.6644
98337,1773.5822
98338,1790.4733
98339,1809.0132
98340,1778.3159
98341,1765.8635
98342,1804.1511
98343,1819.7944
98344,1761.1555
98345,1774.6926
98346,1778.2257
98347,1890.1201
98348,1944.6085
98349,1953.979
98350,1945.1478
98351,1905.9502
98352,1879.9216
98353,1742.3683
98354,1709.3793
98355,1681.8508
98356,1660.7385
98357,1667.3949
98358,1687.5999
98359,1784.2816
98360,1870.3796
98361,1995.9666
98362,1988.4286
98363,2000.7709
98364,1999.4984
98365,1984.6063
98366,2005.2528
98367,1983.3336
98368,1944.6411
98369,1963.717
98370,1947.8173
98371,2043.1089
98372,2089.9368
98373,2099.9385
98374,2094.919
98375,2045.058
98376,1975.1621
98377,1772.696
98378,1745.4993
98379,1694.5681
98380,1676.2139
98381,1672.942
98382,1700.9922
98383,1793.3282
98384,1888.3556
98385,2006.5383
98386,1986.487
98387,1999.1321
98388,1991.732
98389,1974.5571
98390,1992.851
98391,1966.1537
98392,1942.9763
98393,1934.8331
98394,1939.4994
98395,2022.3752
98396,2069.118
98397,2070.4636
98398,2062.0703
98399,2028.86
98400,1954.9717
98401,1663.7759
98402,1633.3823
98403,1593.803
98404,1566.6926
98405,1550.1581
98406,1580.2701
98407,1668.3391
98408,1768.999
98409,1882.1339
98410,1863.5033
98411,1876.9912
98412,1874.1554
98413,1867.1025
98414,1880.9761
98415,1858.679
98416,1835.2205
98417,1835.128
98418,1834.1079
98419,1922.781
98420,1965.0709
98421,1956.1407
98422,1962.5978
98423,1930.6569
98424,1843.7235
98425,1519.344
98426,1478.6512
98427,1442.3127
98428,1422.9944
98429,1419.2845
98430,1443.8359
98431,1531.1229
98432,1625.8254
98433,1733.2588
98434,1726.3087
98435,1731.251
98436,1730.1477
98437,1725.9427
98438,1736.9586
98439,1702.2766
98440,1675.0093
98441,1679.4441
98442,1661.4463
98443,1751.5782
98444,1791.1199
98445,1806.4359
98446,1814.067
98447,1773.518
98448,1691.7931
98449,1481.4452
98450,1447.6438
98451,1400.036
98452,1386.8347
98453,1388.026
98454,1409.3223
98455,1463.5983
98456,1560.1093
98457,1670.8593
98458,1661.4119
98459,1670.5493
98460,1662.5234
98461,1649.3654
98462,1667.5035
98463,1629.1372
98464,1602.5481
98465,1599.2238
98466,1585.0192
98467,1672.3406
98468,1706.971
98469,1720.6267
98470,1725.5612
98471,1682.6254
98472,1598.3761
98473,1518.2285
98474,1518.812
98475,1471.2656
98476,1465.8889
98477,1448.9688
98478,1452.0853
98479,1485.1898
98480,1464.7178
98481,1572.2664
98482,1595.1969
98483,1624.8962
98484,1603.2113
98485,1599.9932
98486,1625.6178
98487,1591.8461
98488,1556.5538
98489,1562.9149
98490,1551.6993
98491,1668.958
98492,1712.7052
98493,1712.9408
98494,1713.088
98495,1665.1967
98496,1617.5027
98497,1703.9397
98498,1715.2399
98499,1674.8182
98500,1657.1512
98501,1625.5253
98502,1639.6414
98503,1673.0063
98504,1629.1046
98505,1749.2996
98506,1769.7712
98507,1805.4203
98508,1796.4353
98509,1802.7607
98510,1854.0823
98511,1820.8724
98512,1781.2717
98513,1803.9058
98514,1806.8644
98515,1906.3135
98516,1964.1891
98517,1956.1604
98518,1939.4209
98519,1909.2855
98520,1883.187
98521,1664.7162
98522,1637.6278
98523,1606.1593
98524,1589.8276
98525,1578.8016
98526,1608.3735
98527,1717.6809
98528,1792.0399
98529,1927.7512
98530,1927.6644
98531,1934.4948
98532,1945.1984
98533,1961.4689
98534,1986.7611
98535,1949.3926
98536,1932.8113
98537,1948.0154
98538,1942.0872
98539,2033.1464
98540,2057.8447
98541,2062.9016
98542,2043.4156
98543,2002.7914
98544,1915.5858
98545,1667.5286
98546,1638.5726
98547,1608.5587
98548,1592.6757
98549,1586.9275
98550,1613.7095
98551,1706.8187
98552,1798.8683
98553,1918.885
98554,1918.9347
98555,1915.5857
98556,1914.6943
98557,1922.4285
98558,1950.9242
98559,1918.7501
98560,1902.6934
98561,1902.2478
98562,1905.4993
98563,1992.7544
98564,2038.256
98565,2023.5063
98566,2016.217
98567,1979.4363
98568,1891.6884
98569,1703.6996
98570,1671.4497
98571,1641.7574
98572,1631.6105
98573,1612.2646
98574,1634.9667
98575,1729.4104
98576,1816.1793
98577,1943.474
98578,1941.9452
98579,1939.7246
98580,1942.6875
98581,1952.877
98582,1978.6697
98583,1953.0856
98584,1935.7816
98585,1939.2755
98586,1943.9727
98587,2037.8324
98588,2060.1711
98589,2062.4348
98590,2044.5065
98591,2008.7546
98592,1921.7657
98593,1627.9596
98594,1604.0768
98595,1574.4663
98596,1561.9546
98597,1534.7374
98598,1564.4028
98599,1657.1033
98600,1749.903
98601,1872.2303
98602,1869.1058
98603,1869.2483
98604,1866.281
98605,1886.3917
98606,1903.6681
98607,1866.6599
98608,1857.9558
98609,1864.0724
98610,1867.0952
98611,1960.8772
98612,1985.1752
98613,1982.469
98614,1954.3749
98615,1913.7017
98616,1838.7131
98617,1676.7009
98618,1654.7395
98619,1628.5009
98620,1614.9357
98621,1608.817
98622,1627.2789
98623,1706.1573
98624,1786.1206
98625,1902.8561
98626,1866.1996
98627,1846.1388
98628,1852.1713
98629,1867.0873
98630,1890.0288
98631,1866.6387
98632,1851.5072
98633,1836.5487
98634,1838.2101
98635,1912.0988
98636,1951.3885
98637,1948.942
98638,1933.0873
98639,1888.3501
98640,1807.8591
98641,1896.4541
98642,1901.7496
98643,1868.3105
98644,1866.148
98645,1851.9923
98646,1855.7672
98647,1894.6565
98648,1863.291
98649,1981.229
98650,1975.0669
98651,1983.4307
98652,1965.7328
98653,1981.251
98654,2005.3916
98655,1980.3362
98656,1953.7527
98657,1945.0537
98658,1946.225
98659,2045.6674
98660,2112.4285
98661,2089.7354
98662,2091.3005
98663,2042.935
98664,2007.5024
98665,1895.6522
98666,1857.5607
98667,1866.2427
98668,1824.5962
98669,1818.5211
98670,1826.2743
98671,1860.8843
98672,1887.6595
98673,1988.9294
98674,2012.0151
98675,2001.8059
98676,1985.5892
98677,2020.6565
98678,2044.0853
98679,2042.1771
98680,2026.6212
98681,2042.7642
98682,2028.8889
98683,2117.8284
98684,2168.688
98685,2170.369
98686,2161.9307
98687,2116.2783
98688,2089.805
98689,1904.8093
98690,1836.7554
98691,1839.3588
98692,1807.2589
98693,1802.951
98694,1823.3398
98695,1903.9749
98696,2079.6313
98697,2162.1526
98698,2164.2153
98699,2143.1892
98700,2155.871
98701,2182.571
98702,2202.3765
98703,2176.6533
98704,2176.4885
98705,2173.5425
98706,2163.695
98707,2255.5063
98708,2300.2104
98709,2272.7751
98710,2261.1125
98711,2213.5198
98712,2140.7708
98713,1937.5303
98714,1880.8274
98715,1886.8234
98716,1860.2147
98717,1852.1322
98718,1883.369
98719,1945.8068
98720,2113.5537
98721,2198.684
98722,2190.7444
98723,2183.9993
98724,2168.0447
98725,2193.5007
98726,2212.6726
98727,2188.1228
98728,2196.5713
98729,2187.2441
98730,2185.9304
98731,2256.3093
98732,2304.4465
98733,2283.587
98734,2274.6025
98735,2233.6448
98736,2161.164
98737,1975.1771
98738,1920.895
98739,1919.1493
98740,1885.1006
98741,1886.2433
98742,1906.7493
98743,1972.3286
98744,2127.2883
98745,2220.9163
98746,2213.436
98747,2203.7473
98748,2195.988
98749,2225.4062
98750,2241.085
98751,2208.1836
98752,2215.971
98753,2201.3865
98754,2202.9773
98755,2264.9172
98756,2321.5166
98757,2296.9568
98758,2292.6938
98759,2252.178
98760,2184.025
98761,1983.2063
98762,1926.3243
98763,1926.2919
98764,1905.4602
98765,1897.6959
98766,1913.8802
98767,1982.16
98768,2146.0688
98769,2236.6946
98770,2230.7402
98771,2211.194
98772,2207.5234
98773,2236.676
98774,2251.3945
98775,2205.6016
98776,2219.7683
98777,2207.484
98778,2201.411
98779,2281.5984
98780,2320.7886
98781,2297.3665
98782,2292.685
98783,2248.906
98784,2179.3823
98785,2029.2654
98786,1975.3253
98787,1956.4049
98788,1934.3356
98789,1932.9797
98790,1947.8774
98791,1988.4504
98792,2147.7595
98793,2230.7593
98794,2224.5173
98795,2216.3296
98796,2218.6326
98797,2246.3406
98798,2265.799
98799,2223.0642
98800,2234.9873
98801,2227.3489
98802,2214.122
98803,2296.335
98804,2332.8608
98805,2314.7288
98806,2294.1494
98807,2251.135
98808,2181.8716
98809,1942.2522
98810,1918.305
98811,1915.4266
98812,1888.7803
98813,1882.8762
98814,1882.5009
98815,1910.9657
98816,1951.021
98817,2041.1635
98818,2058.5708
98819,2077.2612
98820,2056.494
98821,2093.177
98822,2113.6094
98823,2077.3586
98824,2065.2837
98825,2068.4226
98826,2053.4202
98827,2154.822
98828,2187.6296
98829,2180.3308
98830,2164.1763
98831,2119.7827
98832,2067.341
98833,1892.6992
98834,1847.8528
98835,1859.9951
98836,1836.1998
98837,1835.7
98838,1844.7982
98839,1879.8325
98840,1915.1996
98841,2021.0436
98842,2044.4397
98843,2044.0702
98844,2018.9243
98845,2007.2133
98846,2022.2386
98847,2040.3018
98848,2007.9061
98849,2017.1099
98850,2021.0212
98851,2110.647
98852,2177.5586
98853,2183.363
98854,2182.7378
98855,2132.2673
98856,2112.5
98857,1947.317
98858,1870.7256
98859,1872.8577
98860,1850.0968
98861,1850.272
98862,1881.016
98863,1976.1049
98864,2145.3835
98865,2235.3052
98866,2237.3977
98867,2221.5618
98868,2226.148
98869,2220.154
98870,2215.9795
98871,2218.5063
98872,2195.4136
98873,2200.2896
98874,2204.8833
98875,2270.8486
98876,2326.0217
98877,2322.3042
98878,2319.452
98879,2260.791
98880,2191.8682
98881,1948.7478
98882,1885.1183
98883,1880.1815
98884,1856.4838
98885,1856.2402
98886,1890.9573
98887,1967.827
98888,2136.4924
98889,2229.0303
98890,2216.4998
98891,2211.6006
98892,2206.6667
98893,2191.5664
98894,2194.68
98895,2185.5535
98896,2174.7285
98897,2166.0652
98898,2179.2527
98899,2235.9275
98900,2298.4
98901,2291.3486
98902,2294.969
98903,2245.735
98904,2174.7664
98905,1943.0709
98906,1878.6191
98907,1877.859
98908,1854.702
98909,1852.5476
98910,1883.2732
98911,1970.7716
98912,2122.8816
98913,2221.1143
98914,2204.8005
98915,2204.604
98916,2207.624
98917,2179.8457
98918,2191.595
98919,2173.4224
98920,2154.5354
98921,2150.792
98922,2156.1772
98923,2220.119
98924,2281.0288
98925,2280.3357
98926,2276.939
98927,2233.7263
98928,2157.861
98929,1905.939
98930,1844.3031
98931,1847.4111
98932,1825.7833
98933,1816.0208
98934,1850.6635
98935,1941.7471
98936,2098.043
98937,2188.6267
98938,2182.2722
98939,2170.6143
98940,2168.5676
98941,2153.4666
98942,2155.0815
98943,2136.8743
98944,2117.2366
98945,2121.2747
98946,2128.5605
98947,2197.7632
98948,2243.1357
98949,2248.232
98950,2240.101
98951,2190.416
98952,2121.113
98953,1888.5404
98954,1824.624
98955,1808.809
98956,1792.188
98957,1805.9144
98958,1833.5232
98959,1878.4331
98960,2038.8856
98961,2131.2615
98962,2133.0288
98963,2112.3647
98964,2108.0298
98965,2096.8684
98966,2102.777
98967,2086.3164
98968,2061.7747
98969,2055.634
98970,2058.969
98971,2128.7205
98972,2182.7256
98973,2185.0676
98974,2175.5356
98975,2133.841
98976,2057.9102
98977,1830.0547
98978,1799.1191
98979,1805.6034
98980,1803.47
98981,1804.3901
98982,1813.3485
98983,1839.625
98984,1877.8584
98985,1983.2446
98986,2002.3992
98987,2013.2572
98988,1983.3058
98989,1983.1683
98990,1978.3026
98991,1964.099
98992,1932.225
98993,1936.5464
98994,1934.3906
98995,2015.9803
98996,2061.2217
98997,2079.1433
98998,2071.6145
98999,2020.5382
99000,1987.3002
99001,1606.6617
99002,1557.2922
99003,1547.4109
99004,1531.9022
99005,1533.4166
99006,1539.3164
99007,1587.2002
99008,1594.0625
99009,1715.9552
99010,1746.2975
99011,1741.3993
99012,1715.8674
99013,1708.9556
99014,1719.1588
99015,1740.0281
99016,1712.0059
99017,1718.7407
99018,1711.2014
99019,1795.851
99020,1853.0538
99021,1855.4647
99022,1859.6189
99023,1823.1385
99024,1800.0527
99025,1682.5302
99026,1594.679
99027,1573.3358
99028,1571.0469
99029,1569.9836
99030,1592.8113
99031,1703.7599
99032,1850.002
99033,1950.5487
99034,1969.4769
99035,1946.4728
99036,1946.528
99037,1940.0272
99038,1942.3911
99039,1934.9625
99040,1912.6052
99041,1912.0327
99042,1912.28
99043,1983.5306
99044,2037.436
99045,2028.8148
99046,2030.3157
99047,1982.1931
99048,1908.0063
99049,1733.2982
99050,1662.8386
99051,1643.0366
99052,1637.1504
99053,1635.7157
99054,1667.447
99055,1766.684
99056,1894.3129
99057,1996.608
99058,2000.775
99059,1993.7765
99060,1984.9685
99061,1972.8226
99062,1982.0027
99063,1974.0404
99064,1950.7852
99065,1939.8002
99066,1955.7435
99067,2037.1782
99068,2097.833
99069,2085.7112
99070,2083.9827
99071,2031.7821
99072,1962.0903
99073,1780.3303
99074,1704.7667
99075,1685.9565
99076,1677.793
99077,1676.42
99078,1708.6483
99079,1804.6362
99080,1935.0455
99081,2040.1515
99082,2039.7848
99083,2032.5055
99084,2026.9257
99085,2004.5372
99086,2013.0897
99087,2001.8899
99088,1980.1532
99089,1962.5928
99090,1978.7094
99091,2050.6729
99092,2113.1628
99093,2101.8794
99094,2095.0442
99095,2067.2842
99096,1979.2706
99097,1823.1163
99098,1749.9816
99099,1727.8187
99100,1721.6833
99101,1717.2089
99102,1739.8306
99103,1847.2167
99104,1971.3136
99105,2066.9072
99106,2088.062
99107,2068.6677
99108,2071.923
99109,2063.026
99110,2066.6558
99111,2041.3215
99112,2025.0305
99113,2018.9346
99114,2021.7025
99115,2102.6929
99116,2154.5732
99117,2142.055
99118,2138.742
99119,2097.7734
99120,2031.8644
99121,1760.6011
99122,1696.6635
99123,1641.1523
99124,1650.6167
99125,1649.3762
99126,1668.1854
99127,1743.2302
99128,1875.8745
99129,1977.5309
99130,1985.6545
99131,1972.5424
99132,1968.2963
99133,1955.3488
99134,1967.654
99135,1941.6226
99136,1926.3203
99137,1902.4346
99138,1907.2488
99139,1982.5251
99140,2043.4808
99141,2028.9626
99142,2021.6058
99143,1963.8489
99144,1906.2015
99145,1572.8004
99146,1530.8036
99147,1508.5018
99148,1511.8871
99149,1501.3463
99150,1511.6498
99151,1561.518
99152,1576.4843
99153,1676.6299
99154,1705.2067
99155,1729.7279
99156,1708.2107
99157,1703.7657
99158,1711.2426
99159,1695.2444
99160,1665.0221
99161,1659.5668
99162,1658.2411
99163,1752.756
99164,1816.7926
99165,1794.6454
99166,1802.3367
99167,1741.2231
99168,1708.7784
99169,1652.7883
99170,1617.6506
99171,1606.5203
99172,1583.8131
99173,1577.7115
99174,1589.44
99175,1637.7562
99176,1663.5735
99177,1784.7164
99178,1809.7317
99179,1786.3997
99180,1769.2645
99181,1763.2517
99182,1771.0879
99183,1786.1411
99184,1756.4979
99185,1766.7654
99186,1759.2445
99187,1842.9662
99188,1914.65
99189,1929.7675
99190,1927.1332
99191,1874.8416
99192,1850.6748
99193,1718.7538
99194,1655.3688
99195,1639.031
99196,1623.1903
99197,1625.6139
99198,1638.9897
99199,1756.0916
99200,1927.4508
99201,2023.0311
99202,2019.9421
99203,1992.2213
99204,1995.7896
99205,1979.8214
99206,1980.8079
99207,1977.5457
99208,1960.4847
99209,1956.9653
99210,1961.6918
99211,2027.2551
99212,2080.5105
99213,2096.7905
99214,2084.5098
99215,2023.9999
99216,1950.129
99217,1799.7246
99218,1749.3943
99219,1730.9414
99220,1712.3942
99221,1711.0743
99222,1728.5259
99223,1839.0502
99224,1979.6228
99225,2082.1484
99226,2081.8806
99227,2050.476
99228,2057.15
99229,2041.6766
99230,2043.1401
99231,2033.1418
99232,2019.8696
99233,2015.5927
99234,2014.2198
99235,2093.925
99236,2151.2786
99237,2155.343
99238,2140.771
99239,2084.9382
99240,2018.7297
99241,1826.3506
99242,1771.6633
99243,1756.8086
99244,1733.2806
99245,1736.8523
99246,1756.1875
99247,1865.883
99248,1998.8961
99249,2104.9697
99250,2103.2158
99251,2074.7727
99252,2080.6
99253,2064.931
99254,2073.077
99255,2045.4801
99256,2030.2026
99257,2020.6992
99258,2013.8992
99259,2084.9065
99260,2150.852
99261,2166.0022
99262,2155.5884
99263,2104.759
99264,2028.7238
99265,1792.3481
99266,1737.6399
99267,1726.5709
99268,1714.1442
99269,1715.2968
99270,1732.4258
99271,1840.6415
99272,1991.5968
99273,2091.0615
99274,2089.5977
99275,2050.7673
99276,2043.5076
99277,2039.5426
99278,2037.1461
99279,2005.3533
99280,2002.9891
99281,1993.6315
99282,1985.8668
99283,2058.0586
99284,2110.4917
99285,2132.3372
99286,2118.942
99287,2068.9214
99288,1994.7721
99289,1881.9696
99290,1827.3281
99291,1795.5317
99292,1789.0088
99293,1796.0637
99294,1808.0441
99295,1883.6519
99296,2028.9534
99297,2130.949
99298,2131.0786
99299,2097.2742
99300,2101.0637
99301,2081.4075
99302,2094.2185
99303,2061.4954
99304,2046.6718
99305,2034.8047
99306,2021.0334
99307,2084.7754
99308,2155.261
99309,2159.0862
99310,2150.0671
99311,2079.6323
99312,2026.9639
99313,1854.2446
99314,1828.8696
99315,1815.8837
99316,1808.9214
99317,1806.2618
99318,1813.2491
99319,1854.9874
99320,1893.0496
99321,2001.7644
99322,2031.8943
99323,2024.0917
99324,1993.9116
99325,1989.3226
99326,1995.7948
99327,1975.2567
99328,1942.9172
99329,1952.7283
99330,1941.1554
99331,2016.865
99332,2086.3242
99333,2097.7874
99334,2087.1785
99335,2023.5641
99336,2001.4056
99337,1799.494
99338,1761.0642
99339,1760.3411
99340,1747.6093
99341,1745.797
99342,1752.3184
99343,1790.6844
99344,1825.6392
99345,1926.529
99346,1962.8018
99347,1943.3479
99348,1912.5378
99349,1899.5707
99350,1901.3794
99351,1926.2334
99352,1885.2662
99353,1889.708
99354,1898.2018
99355,1964.6285
99356,2049.8127
99357,2064.6184
99358,2057.689
99359,2005.3688
99360,2000.686
99361,1816.7784
99362,1756.1836
99363,1739.1873
99364,1735.8887
99365,1756.8151
99366,1760.6589
99367,1864.8439
99368,2040.8655
99369,2115.5012
99370,2121.5298
99371,2096.508
99372,2091.6528
99373,2077.5122
99374,2076.351
99375,2062.1807
99376,2034.8873
99377,2020.7196
99378,2029.3688
99379,2096.1213
99380,2165.4963
99381,2184.4944
99382,2169.953
99383,2108.29
99384,2046.8986
99385,1821.5375
99386,1760.8331
99387,1741.0913
99388,1743.1461
99389,1756.9893
99390,1773.5387
99391,1881.7137
99392,2031.9458
99393,2116.2412
99394,2119.1338
99395,2085.8914
99396,2071.4873
99397,2054.507
99398,2051.9214
99399,2023.0033
99400,2006.4451
99401,1996.1244
99402,1993.8624
99403,2063.9631
99404,2136.4915
99405,2159.6738
99406,2148.3743
99407,2091.5303
99408,2030.1235
99409,1814.3859
99410,1757.8884
99411,1741.7816
99412,1735.0493
99413,1732.0605
99414,1747.8127
99415,1861.8788
99416,2008.5067
99417,2091.3643
99418,2091.1707
99419,2068.434
99420,2063.8218
99421,2039.4935
99422,2044.6641
99423,2019.219
99424,1993.2362
99425,1982.984
99426,1985.364
99427,2054.6938
99428,2118.9917
99429,2142.1228
99430,2128.1248
99431,2067.258
99432,2008.1917
99433,1855.8319
99434,1807.8003
99435,1790.5121
99436,1788.2719
99437,1781.2911
99438,1795.2672
99439,1903.3855
99440,2063.795
99441,2138.211
99442,2145.6777
99443,2117.9766
99444,2106.2996
99445,2093.2498
99446,2088.6514
99447,2067.5151
99448,2059.26
99449,2044.4658
99450,2052.3267
99451,2115.3352
99452,2168.9287
99453,2192.6294
99454,2178.2456
99455,2125.39
99456,2061.048
99457,1898.7782
99458,1847.9243
99459,1806.1432
99460,1809.8448
99461,1819.3379
99462,1834.17
99463,1902.0039
99464,2057.4475
99465,2133.0945
99466,2138.6223
99467,2123.932
99468,2105.0781
99469,2088.264
99470,2092.313
99471,2071.5884
99472,2051.4048
99473,2035.3298
99474,2038.6912
99475,2085.823
99476,2160.683
99477,2176.441
99478,2158.4495
99479,2108.379
99480,2050.5383
99481,1802.7593
99482,1786.8384
99483,1761.3625
99484,1765.1775
99485,1758.3413
99486,1759.5624
99487,1799.5459
99488,1849.9102
99489,1940.9758
99490,1968.5696
99491,1966.6904
99492,1932.2141
99493,1922.6602
99494,1918.4237
99495,1902.0598
99496,1878.3468
99497,1866.1001
99498,1871.2062
99499,1929.6414
99500,2004.5634
99501,2012.0872
99502,2004.4318
99503,1950.2103
99504,1931.6866
99505,1731.4144
99506,1680.8545
99507,1677.4916
99508,1674.5294
99509,1679.825
99510,1675.7705
99511,1716.6097
99512,1740.0215
99513,1843.3651
99514,1871.2335
99515,1858.2703
99516,1831.986
99517,1820.1196
99518,1841.8528
99519,1837.1915
99520,1813.2397
99521,1817.2402
99522,1813.5608
99523,1869.6407
99524,1936.8878
99525,1952.7129
99526,1957.6239
99527,1925.0688
99528,1911.2938
99529,1842.343
99530,1765.2461
99531,1756.0348
99532,1751.7899
99533,1765.1313
99534,1786.0295
99535,1890.4133
99536,2055.1343
99537,2137.8428
99538,2148.4026
99539,2110.4053
99540,2102.6238
99541,2101.7068
99542,2100.253
99543,2073.5178
99544,2063.7708
99545,2066.26
99546,2055.506
99547,2086.841
99548,2159.5574
99549,2171.3208
99550,2174.954
99551,2132.3625
99552,2057.8364
99553,1835.0504
99554,1780.2504
99555,1755.1177
99556,1754.2867
99557,1762.5846
99558,1792.2502
99559,1881.4617
99560,2033.8228
99561,2120.7656
99562,2129.6135
99563,2097.203
99564,2080.8445
99565,2068.8313
99566,2076.4146
99567,2043.7659
99568,2034.2524
99569,2028.3032
99570,2028.4982
99571,2076.539
99572,2166.3096
99573,2148.5498
99574,2158.7185
99575,2125.807
99576,2046.3202
99577,1895.2015
99578,1828.0518
99579,1817.8441
99580,1810.1564
99581,1805.9425
99582,1834.1873
99583,1930.3256
99584,2064.8132
99585,2162.2117
99586,2164.973
99587,2144.62
99588,2134.7673
99589,2126.5217
99590,2131.2168
99591,2100.7866
99592,2086.3862
99593,2077.2527
99594,2078.7856
99595,2113.4548
99596,2187.332
99597,2192.1353
99598,2188.4277
99599,2160.413
99600,2086.5742
99601,1928.8945
99602,1861.8365
99603,1858.1345
99604,1850.6931
99605,1846.4463
99606,1874.7902
99607,1958.175
99608,2115.4282
99609,2196.7053
99610,2204.4573
99611,2187.7017
99612,2170.14
99613,2158.103
99614,2172.2236
99615,2131.6816
99616,2126.4114
99617,2117.5007
99618,2118.35
99619,2147.2583
99620,2222.5977
99621,2227.0823
99622,2228.169
99623,2195.8604
99624,2136.4253
99625,1881.7213
99626,1826.7235
99627,1797.2249
99628,1805.5092
99629,1811.3818
99630,1819.9022
99631,1883.6223
99632,2026.8317
99633,2118.2346
99634,2126.4392
99635,2098.5698
99636,2092.105
99637,2076.8591
99638,2092.643
99639,2050.2517
99640,2045.8632
99641,2043.5591
99642,2033.7651
99643,2052.0369
99644,2134.0527
99645,2134.7622
99646,2133.669
99647,2092.0093
99648,2038.6545
99649,1812.2871
99650,1779.325
99651,1773.5808
99652,1783.3842
99653,1769.6191
99654,1775.0559
99655,1814.4558
99656,1834.5018
99657,1932.7595
99658,1964.969
99659,1961.5841
99660,1946.7515
99661,1927.3652
99662,1942.7242
99663,1906.9377
99664,1882.1172
99665,1888.437
99666,1881.3796
99667,1931.0814
99668,2005.5394
99669,2002.078
99670,2006.6742
99671,1958.8593
99672,1938.9972
99673,1701.883
99674,1662.1682
99675,1646.7202
99676,1637.1913
99677,1637.7019
99678,1648.575
99679,1708.4784
99680,1733.3364
99681,1834.7148
99682,1867.6936
99683,1836.383
99684,1804.5629
99685,1790.9435
99686,1807.7467
99687,1819.5931
99688,1797.0704
99689,1788.2639
99690,1782.0386
99691,1865.2145
99692,1939.233
99693,1938.052
99694,1963.8949
99695,1921.8285
99696,1900.2007
99697,1756.4849
99698,1685.559
99699,1690.3286
99700,1672.6628
99701,1683.9773
99702,1730.5564
99703,1827.0614
99704,1983.0916
99705,2060.3308
99706,2066.1272
99707,2031.9861
99708,2033.1865
99709,2026.394
99710,2018.8005
99711,2002.1042
99712,1979.3895
99713,1976.1862
99714,1964.1467
99715,2028.0508
99716,2079.2788
99717,2091.6956
99718,2107.101
99719,2070.3708
99720,1988.0504
99721,1801.7189
99722,1748.6821
99723,1733.8597
99724,1723.1504
99725,1731.8696
99726,1769.7327
99727,1866.006
99728,1999.8853
99729,2088.1572
99730,2079.297
99731,2054.4924
99732,2052.8113
99733,2045.1506
99734,2044.1056
99735,2022.0713
99736,2011.2969
99737,1994.8411
99738,1990.4623
99739,2058.0508
99740,2105.3303
99741,2108.4163
99742,2130.5054
99743,2094.0107
99744,2015.9415
99745,1775.9268
99746,1718.9596
99747,1703.7823
99748,1686.107
99749,1687.7631
99750,1720.44
99751,1825.0471
99752,1954.1007
99753,2046.8674
99754,2045.5516
99755,2015.8783
99756,2009.4436
99757,1996.3563
99758,1998.1246
99759,1974.169
99760,1965.986
99761,1941.8276
99762,1931.6292
99763,2002.9718
99764,2055.666
99765,2060.204
99766,2074.8022
99767,2039.1791
99768,1963.6418
99769,1790.6971
99770,1734.5989
99771,1729.2714
99772,1711.403
99773,1711.7397
99774,1750.2333
99775,1845.531
99776,1979.0386
99777,2064.9368
99778,2067.7249
99779,2046.0088
99780,2040.8424
99781,2026.8771
99782,2025.1915
99783,2005.5286
99784,1995.299
99785,1974.4579
99786,1966.1691
99787,2028.5889
99788,2079.492
99789,2084.1904
99790,2100.1362
99791,2073.7131
99792,2007.555
99793,1825.2042
99794,1780.017
99795,1752.6467
99796,1752.993
99797,1756.6488
99798,1789.4016
99799,1845.8795
99800,1993.5778
99801,2076.9392
99802,2075.8005
99803,2049.913
99804,2035.2886
99805,2027.6714
99806,2030.8425
99807,2003.5792
99808,1994.1188
99809,1970.9844
99810,1969.523
99811,2029.052
99812,2074.4343
99813,2087.6099
99814,2099.6477
99815,2066.882
99816,1995.8378
99817,1791.4026
99818,1767.1735
99819,1741.3141
99820,1737.4048
99821,1730.984
99822,1747.5708
99823,1801.3923
99824,1812.7583
99825,1910.7532
99826,1935.0461
99827,1931.4877
99828,1921.3184
99829,1907.5127
99830,1916.2228
99831,1892.7603
99832,1874.1874
99833,1856.9382
99834,1850.1088
99835,1925.4805
99836,1984.0304
99837,1976.8207
99838,2010.4464
99839,1965.785
99840,1934.8317
99841,1640.3491
99842,1603.7906
99843,1589.1207
99844,1573.9501
99845,1587.5675
99846,1569.8793
99847,1634.1505
99848,1659.494
99849,1755.9661
99850,1771.668
99851,1755.9575
99852,1726.7885
99853,1726.4617
99854,1745.5988
99855,1759.8767
99856,1738.9915
99857,1731.437
99858,1717.75
99859,1815.7114
99860,1879.4922
99861,1886.534
99862,1898.9714
99863,1840.453
99864,1818.7622
99865,1709.2963
99866,1638.1047
99867,1641.0486
99868,1618.7285
99869,1638.8784
99870,1651.3427
99871,1763.7478
99872,1931.648
99873,2000.833
99874,1996.1509
99875,1970.0359
99876,1960.4557
99877,1963.6636
99878,1962.2974
99879,1948.6987
99880,1940.901
99881,1927.8431
99882,1917.6327
99883,1982.4968
99884,2051.735
99885,2053.2434
99886,2063.5383
99887,2003.0007
99888,1935.9015
99889,1748.746
99890,1688.123
99891,1672.7405
99892,1657.1962
99893,1676.1436
99894,1687.8086
99895,1794.7688
99896,1947.4689
99897,2023.627
99898,2011.3221
99899,1987.5359
99900,1970.5754
99901,1973.6453
99902,1973.7445
99903,1947.0493
99904,1950.4539
99905,1935.9469
99906,1921.5667
99907,1982.1442
99908,2060.2603
99909,2059.1306
99910,2072.0142
99911,2021.4535
99912,1956.3137
99913,1781.5476
99914,1719.6776
99915,1718.0841
99916,1698.3182
99917,1705.648
99918,1719.4021
99919,1824.1093
99920,1975.0234
99921,2054.1462
99922,2042.5178
99923,2021.1143
99924,2007.8833
99925,2001.01
99926,2000.4894
99927,1970.3154
99928,1968.4664
99929,1945.3256
99930,1939.6179
99931,1997.2745
99932,2069.3071
99933,2068.7383
99934,2078.0334
99935,2029.7164
99936,1970.708
99937,1759.7805
99938,1700.7394
99939,1706.9862
99940,1684.8068
99941,1692.5024
99942,1707.6619
99943,1806.6686
99944,1950.57
99945,2023.2993
99946,2018.6157
99947,1993.91
99948,1985.805
99949,1983.0149
99950,1985.5402
99951,1960.4133
99952,1956.9288
99953,1941.4972
99954,1934.0782
99955,1992.1686
99956,2054.6355
99957,2069.5737
99958,2071.7102
99959,2017.4147
99960,1966.9719
99961,1763.9178
99962,1716.594
99963,1697.7097
99964,1689.3246
99965,1710.1964
99966,1712.2146
99967,1784.2478
99968,1929.9363
99969,2002.0391
99970,1998.4854
99971,1967.7386
99972,1952.5753
99973,1961.158
99974,1960.7534
99975,1928.445
99976,1927.2625
99977,1894.0607
99978,1882.2605
99979,1937.9155
99980,2006.9517
99981,2019.0629
99982,2019.6793
99983,1975.3491
99984,1918.2972
99985,1668.9141
99986,1639.364
99987,1628.7474
99988,1625.4373
99989,1638.5155
99990,1627.7786
99991,1686.6105
99992,1717.8278
99993,1804.1044
99994,1823.4779
99995,1813.3395
99996,1783.0581
99997,1787.005
99998,1795.374
99999,1761.7733
100000,1751.072
100001,1741.4907
100002,1720.9471
100003,1813.0636
100004,1866.6129
100005,1884.4761
100006,1888.3744
100007,1838.0488
100008,1789.5583
100009,1688.9218
100010,1651.1942
100011,1645.5051
100012,1649.0968
100013,1644.4673
100014,1636.6326
100015,1702.0836
100016,1707.14
100017,1808.2097
100018,1826.0117
100019,1808.5402
100020,1776.5492
100021,1768.9863
100022,1783.9227
100023,1798.448
100024,1753.9943
100025,1761.569
100026,1757.3815
100027,1818.9844
100028,1892.8832
100029,1927.1074
100030,1935.1852
100031,1883.026
100032,1866.3198
100033,1793.0028
100034,1724.8799
100035,1717.0718
100036,1717.876
100037,1728.3511
100038,1750.2935
100039,1862.7328
100040,2010.3943
100041,2086.6328
100042,2076.8396
100043,2052.7297
100044,2038.3516
100045,2029.2588
100046,2027.9795
100047,2011.2449
100048,1987.3302
100049,1983.6469
100050,1986.7108
100051,2026.0349
100052,2085.942
100053,2122.3296
100054,2120.0972
100055,2072.2036
100056,1997.8121
100057,1848.1783
100058,1789.8467
100059,1766.4
100060,1770.5908
100061,1765.2397
100062,1795.8143
100063,1906.5034
100064,2040.4253
100065,2125.229
100066,2105.281
100067,2091.1882
100068,2076.9744
100069,2059.8337
100070,2065.6484
100071,2041.8486
100072,2024.7448
100073,2015.2384
100074,2016.3215
100075,2059.684
100076,2123.6277
100077,2139.5525
100078,2146.1711
100079,2098.9712
100080,2027.1655
100081,1804.0392
100082,1772.9084
100083,1735.9467
100084,1734.0773
100085,1733.0944
100086,1751.2655
100087,1863.5021
100088,2007.7734
100089,2093.0798
100090,2121.0686
100091,2108.517
100092,2087.1084
100093,2078.4395
100094,2074.5974
100095,2060.9788
100096,2033.6827
100097,2026.7228
100098,2030.2218
100099,2049.9263
100100,2105.4607
100101,2148.2246
100102,2154.0483
100103,2123.571
100104,2046.9305
100105,1764.6836
100106,1736.7733
100107,1704.7324
100108,1704.477
100109,1693.7039
100110,1723.5591
100111,1836.443
100112,1986.5942
100113,2061.0195
100114,2096.274
100115,2071.7876
100116,2050.4695
100117,2037.3536
100118,2034.1421
100119,2020.3969
100120,1989.0599
100121,1989.9016
100122,1984.8049
100123,1994.1372
100124,2046.7324
100125,2089.7856
100126,2100.07
100127,2077.4048
100128,2001.8525
100129,1692.4178
100130,1665.9451
100131,1603.495
100132,1621.7952
100133,1627.58
100134,1645.7274
100135,1723.5608
100136,1874.2007
100137,1958.0
100138,1987.736
100139,1958.4912
100140,1931.3126
100141,1925.8927
100142,1918.6377
100143,1893.859
100144,1869.5634
100145,1864.8677
100146,1863.765
100147,1874.4569
100148,1925.7443
100149,1977.1261
100150,1980.0594
100151,1938.1533
100152,1876.4349
100153,1588.9716
100154,1560.9857
100155,1529.113
100156,1544.6635
100157,1532.9556
100158,1529.5569
100159,1594.9667
100160,1620.2007
100161,1719.5902
100162,1768.1609
100163,1776.3439
100164,1771.5883
100165,1761.1835
100166,1763.5883
100167,1750.8945
100168,1710.1072
100169,1712.6178
100170,1703.0934
100171,1728.628
100172,1769.5289
100173,1826.8711
100174,1830.1813
100175,1794.4641
100176,1735.4055
100177,1477.0222
100178,1460.7299
100179,1452.8856
100180,1440.5493
100181,1417.5018
100182,1441.689
100183,1469.2
100184,1465.551
100185,1573.8403
100186,1589.5281
100187,1606.1335
100188,1599.4117
100189,1607.0319
100190,1622.3779
100191,1638.2766
100192,1600.9509
100193,1606.0782
100194,1583.687
100195,1626.9827
100196,1661.9559
100197,1696.2168
100198,1713.6144
100199,1690.3054
100200,1636.736
100201,1456.6215
100202,1441.4971
100203,1428.4388
100204,1419.5077
100205,1422.4915
100206,1448.5188
100207,1518.1545
100208,1662.3312
100209,1778.4583
100210,1765.428
100211,1773.4255
100212,1762.2612
100213,1766.4745
100214,1768.0375
100215,1754.4849
100216,1731.1404
100217,1715.3893
100218,1702.888
100219,1718.4683
100220,1760.647
100221,1782.4648
100222,1800.1584
100223,1783.1058
100224,1710.4402
100225,1494.6731
100226,1475.9417
100227,1457.015
100228,1449.5316
100229,1451.6704
100230,1479.8767
100231,1548.7759
100232,1686.3265
100233,1801.2231
100234,1781.1161
100235,1785.3601
100236,1764.6051
100237,1769.7222
100238,1773.6874
100239,1747.4396
100240,1741.9312
100241,1727.2802
100242,1702.5641
100243,1728.394
100244,1761.3534
100245,1782.0444
100246,1807.651
100247,1790.8693
100248,1716.8712
100249,1497.798
100250,1478.1467
100251,1464.4681
100252,1452.8809
100253,1441.5115
100254,1470.8197
100255,1536.3539
100256,1677.4097
100257,1788.5138
100258,1767.1495
100259,1776.0508
100260,1763.1033
100261,1763.477
100262,1763.594
100263,1739.57
100264,1723.223
100265,1708.6195
100266,1696.5175
100267,1709.9869
100268,1750.803
100269,1774.9565
100270,1798.9934
100271,1777.3453
100272,1705.6348
100273,1499.466
100274,1483.6345
100275,1472.9072
100276,1467.3783
100277,1456.6174
100278,1478.8097
100279,1554.908
100280,1691.8015
100281,1804.085
100282,1787.873
100283,1784.7001
100284,1764.8672
100285,1777.2833
100286,1771.4774
100287,1749.8967
100288,1734.5001
100289,1725.551
100290,1702.6987
100291,1719.963
100292,1737.8112
100293,1779.2325
100294,1791.8688
100295,1781.2076
100296,1711.2411
100297,1541.5627
100298,1529.3586
100299,1494.4783
100300,1497.4658
100301,1502.8085
100302,1520.9141
100303,1552.0153
100304,1703.1538
100305,1811.6488
100306,1799.9945
100307,1799.5404
100308,1768.8075
100309,1777.2617
100310,1781.8663
100311,1755.1575
100312,1735.9183
100313,1728.338
100314,1704.2516
100315,1734.5599
100316,1762.8547
100317,1783.903
100318,1803.7029
100319,1783.4401
100320,1709.7301
100321,1521.8065
100322,1500.1234
100323,1480.6199
100324,1479.1244
100325,1465.1653
100326,1480.3511
100327,1507.5787
100328,1522.6484
100329,1637.4369
100330,1642.2528
100331,1674.397
100332,1670.3972
100333,1680.7096
100334,1682.6426
100335,1658.511
100336,1635.8164
100337,1628.6636
100338,1600.4774
100339,1638.1217
100340,1652.6398
100341,1692.3917
100342,1707.4454
100343,1701.0094
100344,1622.082
100345,1539.9423
100346,1464.5826
100347,1433.4677
100348,1425.4993
100349,1418.0065
100350,1419.0775
100351,1447.1069
100352,1528.9185
100353,1569.0166
100354,1583.5225
100355,1614.992
100356,1618.5635
100357,1606.6062
100358,1632.1494
100359,1630.3446
100360,1603.0526
100361,1594.3823
100362,1578.9906
100363,1628.9509
100364,1638.5294
100365,1678.8141
100366,1713.1305
100367,1693.788
100368,1645.0908
100369,1556.7919
100370,1485.8185
100371,1449.0795
100372,1434.6793
100373,1439.4683
100374,1469.0813
100375,1562.676
100376,1778.796
100377,1825.2094
100378,1816.05
100379,1831.5642
100380,1825.7346
100381,1806.4985
100382,1819.5923
100383,1790.5487
100384,1768.5806
100385,1771.8208
100386,1744.1968
100387,1778.8407
100388,1791.2538
100389,1826.636
100390,1850.3055
100391,1823.5828
100392,1751.6006
100393,1549.836
100394,1473.2833
100395,1431.6208
100396,1426.9127
100397,1420.7589
100398,1456.5487
100399,1544.3984
100400,1757.9337
100401,1795.399
100402,1784.6187
100403,1797.4683
100404,1782.1874
100405,1769.0343
100406,1774.521
100407,1739.3563
100408,1723.9802
100409,1717.1149
100410,1704.342
100411,1747.942
100412,1761.1948
100413,1786.9172
100414,1820.1771
100415,1792.2529
100416,1716.3192
100417,1509.9447
100418,1432.2253
100419,1390.4735
100420,1369.617
100421,1367.0172
100422,1389.4114
100423,1479.9387
100424,1700.3795
100425,1732.4484
100426,1726.6517
100427,1735.7123
100428,1724.7162
100429,1712.9324
100430,1723.357
100431,1684.5554
100432,1671.3418
100433,1660.9083
100434,1648.1975
100435,1679.3926
100436,1691.7439
100437,1718.521
100438,1755.8961
100439,1742.047
100440,1658.5045
100441,1460.7224
100442,1396.9382
100443,1364.3018
100444,1348.8053
100445,1348.6884
100446,1372.6659
100447,1463.8683
100448,1682.118
100449,1720.0385
100450,1708.9587
100451,1712.291
100452,1686.2285
100453,1689.2366
100454,1687.42
100455,1654.7457
100456,1643.121
100457,1633.4127
100458,1614.9572
100459,1635.8478
100460,1633.2094
100461,1684.4349
100462,1704.7062
100463,1705.2051
100464,1629.6105
100465,1525.8009
100466,1450.9547
100467,1399.8959
100468,1390.7087
100469,1391.1045
100470,1420.0554
100471,1482.2068
100472,1696.801
100473,1731.178
100474,1722.5479
100475,1731.6276
100476,1712.2483
100477,1702.1631
100478,1711.6835
100479,1675.5039
100480,1653.9996
100481,1651.204
100482,1626.801
100483,1659.7645
100484,1672.0746
100485,1716.1477
100486,1736.2336
100487,1708.5963
100488,1634.2404
100489,1467.8029
100490,1384.2445
100491,1351.1442
100492,1343.5312
100493,1338.9767
100494,1345.4586
100495,1389.5028
100496,1479.1226
100497,1514.7777
100498,1529.129
100499,1564.5793
100500,1566.9124
100501,1558.0894
100502,1570.9144
100503,1536.2246
100504,1502.1237
100505,1500.8699
100506,1473.2343
100507,1516.0797
100508,1522.478
100509,1575.0232
100510,1593.921
100511,1579.6554
100512,1509.5531
100513,1454.0173
100514,1360.702
100515,1355.0553
100516,1335.1978
100517,1333.5466
100518,1356.0712
100519,1376.1693
100520,1445.1885
100521,1488.3706
100522,1501.0825
100523,1528.2495
100524,1515.3872
100525,1515.7212
100526,1537.6914
100527,1557.1616
100528,1517.1133
100529,1523.5187
100530,1508.509
100531,1546.0704
100532,1582.4939
100533,1614.7957
100534,1634.5728
100535,1615.8094
100536,1587.1506
100537,1532.9391
100538,1439.3301
100539,1412.35
100540,1406.4015
100541,1423.3762
100542,1450.1632
100543,1530.1033
100544,1740.5349
100545,1781.9584
100546,1773.272
100547,1791.8301
100548,1778.4609
100549,1774.7063
100550,1782.8588
100551,1773.6166
100552,1745.4124
100553,1737.4792
100554,1732.9503
100555,1758.1163
100556,1777.8535
100557,1803.8673
100558,1827.9755
100559,1808.8347
100560,1737.4299
100561,1568.332
100562,1459.0087
100563,1437.661
100564,1420.2037
100565,1440.7299
100566,1476.6708
100567,1552.9161
100568,1756.1417
100569,1794.723
100570,1786.2107
100571,1796.3324
100572,1781.0206
100573,1772.5234
100574,1788.8256
100575,1759.1976
100576,1741.4198
100577,1742.5231
100578,1725.7188
100579,1754.8729
100580,1772.2856
100581,1795.4857
100582,1822.6406
100583,1808.8448
100584,1744.845
100585,1540.5988
100586,1444.1989
100587,1411.1141
100588,1396.5839
100589,1400.9358
100590,1427.8221
100591,1507.3373
100592,1716.5973
100593,1747.3804
100594,1735.0872
100595,1757.5509
100596,1740.9369
100597,1737.5491
100598,1743.3212
100599,1725.9042
100600,1711.7189
100601,1706.1302
100602,1689.4734
100603,1703.021
100604,1730.5894
100605,1748.4271
100606,1773.7079
100607,1773.0734
100608,1699.3715
100609,1461.369
100610,1359.3458
100611,1340.0206
100612,1323.9677
100613,1322.5165
100614,1350.0155
100615,1430.5966
100616,1641.7129
100617,1668.0118
100618,1656.5841
100619,1682.7096
100620,1671.4569
100621,1668.2937
100622,1675.0421
100623,1653.7709
100624,1643.9349
100625,1634.0212
100626,1617.7919
100627,1629.8691
100628,1637.5074
100629,1659.1465
100630,1689.4845
100631,1689.7886
100632,1625.4125
100633,1521.421
100634,1417.3905
100635,1377.3693
100636,1377.4493
100637,1391.9099
100638,1410.1582
100639,1447.6344
100640,1668.7268
100641,1701.4055
100642,1687.3062
100643,1710.6344
100644,1694.6604
100645,1695.3068
100646,1711.2705
100647,1675.7529
100648,1661.8157
100649,1650.5947
100650,1621.5841
100651,1644.5884
100652,1652.9829
100653,1686.1129
100654,1711.654
100655,1698.7699
100656,1639.2632
100657,1461.4066
100658,1362.6716
100659,1343.6884
100660,1338.2217
100661,1337.3354
100662,1352.7435
100663,1357.8145
100664,1471.7855
100665,1499.4509
100666,1512.5328
100667,1558.8776
100668,1550.4622
100669,1549.1708
100670,1562.2139
100671,1537.2562
100672,1514.6813
100673,1500.4655
100674,1489.1761
100675,1509.8339
100676,1529.5378
100677,1548.0637
100678,1578.8326
100679,1577.1823
100680,1519.7781
100681,1465.8824
100682,1369.26
100683,1349.7026
100684,1346.3204
100685,1327.4912
100686,1337.8821
100687,1361.562
100688,1436.2806
100689,1462.9209
100690,1487.688
100691,1511.3629
100692,1516.5255
100693,1540.5497
100694,1559.5587
100695,1556.871
100696,1526.4537
100697,1522.804
100698,1508.7219
100699,1547.7484
100700,1592.726
100701,1624.991
100702,1659.0295
100703,1611.5685
100704,1542.2955
100705,1460.4067
100706,1367.5033
100707,1345.5034
100708,1352.1675
100709,1353.6467
100710,1371.0686
100711,1470.9735
100712,1655.2527
100713,1703.673
100714,1698.9913
100715,1702.8917
100716,1695.8138
100717,1715.4695
100718,1732.9603
100719,1720.8748
100720,1699.617
100721,1687.612
100722,1674.8368
100723,1708.6298
100724,1723.3251
100725,1761.3326
100726,1787.7574
100727,1741.5988
100728,1654.9491
100729,1474.1613
100730,1363.6969
100731,1341.2151
100732,1350.1462
100733,1345.5232
100734,1377.7509
100735,1470.3038
100736,1648.2583
100737,1699.8862
100738,1693.9232
100739,1694.384
100740,1678.7655
100741,1692.6775
100742,1714.0723
100743,1684.7211
100744,1674.2518
100745,1662.2595
100746,1650.8519
100747,1684.3759
100748,1688.6066
100749,1724.8365
100750,1756.3547
100751,1730.5532
100752,1630.4037
100753,1452.9993
100754,1348.1182
100755,1327.9951
100756,1327.9595
100757,1320.7778
100758,1340.1125
100759,1433.8019
100760,1618.5906
100761,1659.2257
100762,1661.2765
100763,1655.9841
100764,1648.9467
100765,1663.6669
100766,1679.9623
100767,1663.6921
100768,1649.5248
100769,1623.5951
100770,1616.5696
100771,1636.6847
100772,1656.4331
100773,1684.9178
100774,1726.6252
100775,1689.5364
100776,1601.043
100777,1398.4877
100778,1289.1821
100779,1273.501
100780,1276.5331
100781,1272.297
100782,1294.048
100783,1388.3312
100784,1574.126
100785,1623.3163
100786,1624.4882
100787,1613.9792
100788,1598.8295
100789,1611.3159
100790,1628.3494
100791,1617.7223
100792,1597.1726
100793,1585.7211
100794,1573.6781
100795,1595.046
100796,1599.3342
100797,1644.3362
100798,1669.5432
100799,1648.1721
100800,1559.4702
100801,1379.6971
100802,1283.0903
100803,1245.5139
100804,1257.2213
100805,1247.9297
100806,1267.724
100807,1316.7555
100808,1514.9413
100809,1563.5707
100810,1551.853
100811,1551.8362
100812,1540.5997
100813,1561.1835
100814,1583.2494
100815,1566.0134
100816,1547.758
100817,1526.3481
100818,1525.3854
100819,1533.6586
100820,1543.5719
100821,1578.7361
100822,1609.6481
100823,1560.1777
100824,1481.7463
100825,1351.5481
100826,1245.8242
100827,1188.9908
100828,1184.773
100829,1180.3898
100830,1185.0563
100831,1200.5146
100832,1298.0261
100833,1334.3003
100834,1386.4053
100835,1413.3734
100836,1422.1213
100837,1439.6349
100838,1472.808
100839,1479.9109
100840,1458.048
100841,1407.5707
100842,1423.6096
100843,1431.458
100844,1448.4436
100845,1455.0536
100846,1498.1119
100847,1470.3616
100848,1450.4431
100849,1376.7627
100850,1303.3937
100851,1255.4667
100852,1233.2407
100853,1227.5579
100854,1221.6321
100855,1240.0835
100856,1345.9279
100857,1373.3416
100858,1408.7424
100859,1438.9468
100860,1441.7749
100861,1457.8815
100862,1504.7322
100863,1497.5117
100864,1467.7341
100865,1441.7026
100866,1440.7408
100867,1496.9948
100868,1506.874
100869,1523.6537
100870,1581.8236
100871,1552.6731
100872,1498.5056
100873,1401.3071
100874,1320.1074
100875,1267.7982
100876,1250.4396
100877,1263.5044
100878,1276.5099
100879,1376.8601
100880,1595.6992
100881,1640.3296
100882,1656.211
100883,1650.058
100884,1651.0822
100885,1676.5552
100886,1693.0836
100887,1688.8768
100888,1672.1475
100889,1646.4393
100890,1640.7539
100891,1665.692
100892,1635.8605
100893,1659.1387
100894,1710.9178
100895,1683.5879
100896,1607.068
100897,1497.3732
100898,1409.2985
100899,1353.4839
100900,1339.5548
100901,1341.563
100902,1362.1141
100903,1459.2017
100904,1667.1489
100905,1710.8956
100906,1710.9792
100907,1721.8553
100908,1721.0953
100909,1730.1631
100910,1761.1478
100911,1762.4358
100912,1739.1211
100913,1709.3347
100914,1714.2686
100915,1733.3141
100916,1713.3633
100917,1732.2352
100918,1790.1493
100919,1756.0051
100920,1684.7173
100921,1514.6493
100922,1430.1826
100923,1372.8763
100924,1357.1996
100925,1344.6864
100926,1363.9436
100927,1466.9535
100928,1676.1969
100929,1712.1932
100930,1723.1996
100931,1727.6947
100932,1727.6029
100933,1740.8938
100934,1775.0171
100935,1761.1875
100936,1743.9347
100937,1710.0148
100938,1714.7473
100939,1732.6724
100940,1703.2715
100941,1726.1382
100942,1769.5328
100943,1746.4604
100944,1680.7089
100945,1452.6134
100946,1367.5754
100947,1314.9929
100948,1291.4348
100949,1288.2616
100950,1308.3179
100951,1402.046
100952,1617.3127
100953,1653.4773
100954,1668.1045
100955,1674.033
100956,1663.7006
100957,1678.0789
100958,1705.7927
100959,1697.5835
100960,1679.458
100961,1652.3806
100962,1651.7739
100963,1660.3545
100964,1634.0709
100965,1660.7716
100966,1699.3204
100967,1692.7554
100968,1624.9045
100969,1406.7896
100970,1331.5889
100971,1256.164
100972,1243.7738
100973,1243.0426
100974,1259.5546
100975,1316.8127
100976,1542.5579
100977,1584.205
100978,1586.7961
100979,1591.1151
100980,1575.3818
100981,1605.8075
100982,1629.0684
100983,1615.324
100984,1604.9515
100985,1569.2285
100986,1563.21
100987,1586.2656
100988,1547.8179
100989,1578.0726
100990,1619.7705
100991,1596.4482
100992,1521.8225
100993,1368.0049
100994,1284.8022
100995,1216.6064
100996,1208.4222
100997,1198.6477
100998,1199.3187
100999,1226.5037
101000,1334.7554
101001,1372.8802
101002,1399.8732
101003,1432.7662
101004,1434.0168
101005,1452.8689
101006,1486.8632
101007,1470.7002
101008,1449.3892
101009,1418.8728
101010,1416.1044
101011,1439.9641
101012,1430.4105
101013,1452.4406
101014,1507.4993
101015,1495.5271
101016,1434.9579
101017,1360.9945
101018,1276.6128
101019,1228.2477
101020,1202.8297
101021,1203.6711
101022,1185.8442
101023,1218.5404
101024,1307.6135
101025,1331.8666
101026,1353.7067
101027,1402.7817
101028,1409.3855
101029,1440.5767
101030,1476.8171
101031,1471.7618
101032,1447.2701
101033,1432.1868
101034,1420.7833
101035,1471.5845
101036,1467.6879
101037,1481.6346
101038,1533.8734
101039,1527.1974
101040,1462.3313
101041,1412.1456
101042,1328.6458
101043,1278.7826
101044,1255.7672
101045,1269.665
101046,1284.3958
101047,1392.9044
101048,1605.8259
101049,1648.2007
101050,1660.1761
101051,1665.0319
101052,1656.6245
101053,1687.5497
101054,1693.2153
101055,1699.9562
101056,1689.3821
101057,1669.8644
101058,1654.5067
101059,1675.8732
101060,1655.2244
101061,1665.4148
101062,1708.0276
101063,1705.5187
101064,1622.908
101065,1473.6892
101066,1384.6753
101067,1335.9934
101068,1324.5922
101069,1330.3192
101070,1348.0565
101071,1448.3848
101072,1669.005
101073,1709.8162
101074,1699.4609
101075,1718.7844
101076,1694.6704
101077,1715.6127
101078,1733.7285
101079,1739.2435
101080,1733.8789
101081,1703.5822
101082,1701.2457
101083,1703.4153
101084,1685.1206
101085,1692.3083
101086,1733.6262
101087,1735.6312
101088,1663.959
101089,1448.3873
101090,1361.6826
101091,1311.3186
101092,1297.1241
101093,1295.798
101094,1309.182
101095,1399.762
101096,1622.09
101097,1661.5045
101098,1658.5499
101099,1682.0841
101100,1658.2765
101101,1677.1152
101102,1698.6658
101103,1696.1191
101104,1691.6307
101105,1668.784
101106,1660.5698
101107,1666.6901
101108,1643.4528
101109,1651.4266
101110,1694.1293
101111,1705.1964
101112,1630.1267
101113,1482.4706
101114,1397.017
101115,1355.5698
101116,1337.1769
101117,1333.6024
101118,1348.1627
101119,1441.527
101120,1660.923
101121,1694.8064
101122,1703.0696
101123,1714.2643
101124,1706.739
101125,1720.4407
101126,1739.3834
101127,1733.549
101128,1733.2155
101129,1705.1102
101130,1693.9348
101131,1693.0417
101132,1663.878
101133,1674.3229
101134,1711.6647
101135,1733.4524
101136,1666.5237
101137,1475.5151
101138,1391.1151
101139,1331.326
101140,1312.147
101141,1308.9972
101142,1331.7496
101143,1400.8638
101144,1615.6061
101145,1647.2954
101146,1651.5767
101147,1667.0565
101148,1654.0977
101149,1668.8079
101150,1690.9075
101151,1683.6288
101152,1676.0493
101153,1658.8843
101154,1642.0485
101155,1668.9038
101156,1634.2771
101157,1640.5271
101158,1676.5109
101159,1679.7599
101160,1606.2957
101161,1360.4781
101162,1265.2461
101163,1205.1062
101164,1185.9448
101165,1177.4127
101166,1171.6339
101167,1212.7524
101168,1311.131
101169,1345.6823
101170,1365.7352
101171,1406.5961
101172,1419.515
101173,1433.6614
101174,1468.82
101175,1471.7747
101176,1454.0792
101177,1435.5789
101178,1418.5002
101179,1443.7843
101180,1422.6566
101181,1429.0471
101182,1483.6454
101183,1501.4602
101184,1420.2028
101185,1249.9584
101186,1174.071
101187,1116.5406
101188,1086.8118
101189,1089.1499
101190,1096.0645
101191,1113.387
101192,1191.4735
101193,1213.8264
101194,1266.8889
101195,1297.893
101196,1317.2479
101197,1347.0825
101198,1401.0542
101199,1402.0521
101200,1386.1035
101201,1359.94
101202,1366.5109
101203,1414.9708
101204,1423.5166
101205,1408.7698
101206,1470.2372
101207,1465.4932
101208,1388.4706
101209,1350.9753
101210,1271.2876
101211,1211.8961
101212,1187.8972
101213,1199.686
101214,1220.2479
101215,1324.8976
101216,1517.8965
101217,1557.7134
101218,1592.0865
101219,1587.3856
101220,1606.7568
101221,1633.1406
101222,1668.8083
101223,1674.613
101224,1676.5292
101225,1647.2325
101226,1627.258
101227,1647.7103
101228,1631.2924
101229,1630.5254
101230,1671.3048
101231,1676.5007
101232,1588.9735
101233,1376.863
101234,1294.657
101235,1222.5538
101236,1207.4703
101237,1223.3772
101238,1239.3938
101239,1333.9785
101240,1537.1422
101241,1578.2834
101242,1605.5717
101243,1605.6484
101244,1595.4423
101245,1617.7057
101246,1666.4083
101247,1662.5282
101248,1669.9592
101249,1637.1611
101250,1624.9631
101251,1646.7097
101252,1633.753
101253,1613.9547
101254,1662.5521
101255,1673.3156
101256,1587.0294
101257,1368.511
101258,1279.5353
101259,1219.5385
101260,1197.1063
101261,1204.8307
101262,1221.0155
101263,1313.7607
101264,1508.6355
101265,1540.7002
101266,1570.4983
101267,1583.828
101268,1579.4105
101269,1595.2357
101270,1646.5408
101271,1642.6151
101272,1640.0579
101273,1607.3119
101274,1602.9639
101275,1623.5863
101276,1613.246
101277,1604.0905
101278,1648.0249
101279,1652.6571
101280,1572.5294
101281,1389.0681
101282,1315.185
101283,1257.6378
101284,1234.0142
101285,1242.3246
101286,1260.211
101287,1351.3794
101288,1553.9453
101289,1588.621
101290,1616.9059
101291,1616.3969
101292,1605.2208
101293,1634.7903
101294,1675.2761
101295,1684.182
101296,1690.3134
101297,1644.05
101298,1642.481
101299,1645.166
101300,1618.9329
101301,1624.5461
101302,1666.4712
101303,1689.9811
101304,1604.0421
101305,1436.27
101306,1350.3265
101307,1265.5609
101308,1243.4119
101309,1255.9243
101310,1269.3843
101311,1338.0356
101312,1526.1317
101313,1559.312
101314,1595.7716
101315,1599.4852
101316,1609.7112
101317,1630.0981
101318,1680.1392
101319,1672.6606
101320,1676.6089
101321,1641.0072
101322,1627.5092
101323,1641.1294
101324,1615.852
101325,1611.0433
101326,1656.4395
101327,1661.2866
101328,1582.2955
101329,1376.9457
101330,1294.7101
101331,1213.5392
101332,1185.0106
101333,1179.5734
101334,1195.6755
101335,1218.9534
101336,1297.9731
101337,1335.5844
101338,1389.0283
101339,1419.6793
101340,1443.0588
101341,1468.0715
101342,1520.6652
101343,1519.9998
101344,1517.4258
101345,1475.9631
101346,1469.8025
101347,1491.2565
101348,1491.134
101349,1471.672
101350,1526.3864
101351,1542.4851
101352,1464.1053
101353,1285.275
101354,1200.34
101355,1154.9584
101356,1113.2861
101357,1106.4658
101358,1119.8395
101359,1126.7563
101360,1201.1124
101361,1228.1013
101362,1271.0685
101363,1322.5737
101364,1345.954
101365,1364.7666
101366,1423.4297
101367,1437.6558
101368,1418.7883
101369,1424.6132
101370,1419.0608
101371,1441.7946
101372,1444.021
101373,1423.781
101374,1488.1348
101375,1499.1167
101376,1401.8693
101377,1347.3966
101378,1261.1107
101379,1207.3707
101380,1179.216
101381,1196.7261
101382,1218.0436
101383,1307.2701
101384,1500.3473
101385,1544.6824
101386,1569.0603
101387,1593.0507
101388,1611.6902
101389,1629.7314
101390,1668.6365
101391,1671.3623
101392,1667.1731
101393,1663.2185
101394,1651.064
101395,1639.0879
101396,1617.1558
101397,1613.9178
101398,1656.7104
101399,1673.605
101400,1571.3593
101401,1387.2983
101402,1294.2263
101403,1239.8878
101404,1221.2379
101405,1226.3286
101406,1259.354
101407,1335.2792
101408,1540.6198
101409,1576.7107
101410,1595.016
101411,1614.4921
101412,1617.8003
101413,1627.5952
101414,1670.8636
101415,1673.837
101416,1673.2511
101417,1665.9702
101418,1665.0061
101419,1644.3635
101420,1619.3204
101421,1610.1921
101422,1660.7096
101423,1676.8812
101424,1578.9706
101425,1410.3507
101426,1319.5155
101427,1266.5698
101428,1245.3127
101429,1245.8861
101430,1272.0745
101431,1345.4697
101432,1540.8528
101433,1574.6807
101434,1598.1947
101435,1616.7566
101436,1621.1381
101437,1636.7743
101438,1679.0211
101439,1675.4064
101440,1673.6453
101441,1665.5449
101442,1662.8231
101443,1642.1154
101444,1621.6337
101445,1620.2334
101446,1662.4644
101447,1676.0647
101448,1583.8784
101449,1363.1986
101450,1279.4281
101451,1229.1735
101452,1209.0082
101453,1212.4412
101454,1239.3389
101455,1319.5945
101456,1514.0382
101457,1552.2411
101458,1573.3085
101459,1580.4059
101460,1587.2461
101461,1607.1261
101462,1639.9473
101463,1635.6837
101464,1634.0708
101465,1629.0621
101466,1624.5701
101467,1595.1398
101468,1570.2726
101469,1574.6584
101470,1611.6669
101471,1638.4166
101472,1552.5071
101473,1387.1075
101474,1299.0366
101475,1230.1337
101476,1212.6604
101477,1216.6038
101478,1238.5236
101479,1290.4078
101480,1490.6932
101481,1526.783
101482,1553.9949
101483,1569.1536
101484,1571.0238
101485,1594.045
101486,1638.5862
101487,1614.3599
101488,1617.2816
101489,1614.2087
101490,1610.0922
101491,1602.6075
101492,1558.0543
101493,1562.0608
101494,1598.7012
101495,1610.1069
101496,1525.2053
101497,1338.9237
101498,1241.4525
101499,1184.4375
101500,1149.2417
101501,1148.8474
101502,1160.4718
101503,1171.7173
101504,1248.1602
101505,1287.2053
101506,1336.9752
101507,1382.132
101508,1406.7933
101509,1421.131
101510,1484.3096
101511,1472.8937
101512,1460.4827
101513,1455.421
101514,1448.76
101515,1437.6132
101516,1435.5265
101517,1422.9194
101518,1485.9042
101519,1500.8595
101520,1424.9893
101521,1365.4805
101522,1291.2015
101523,1240.8854
101524,1189.7463
101525,1191.3444
101526,1202.7683
101527,1198.1382
101528,1267.1691
101529,1305.3285
101530,1345.9508
101531,1388.6573
101532,1411.2097
101533,1451.0844
101534,1513.8846
101535,1496.5609
101536,1491.0718
101537,1493.6136
101538,1496.164
101539,1495.4999
101540,1501.1613
101541,1489.8148
101542,1550.5157
101543,1551.4233
101544,1494.788
101545,1447.9917
101546,1340.8909
101547,1290.3971
101548,1252.2885
101549,1252.1241
101550,1268.8475
101551,1386.5089
101552,1548.8602
101553,1583.9729
101554,1607.8396
101555,1642.849
101556,1672.1718
101557,1700.8524
101558,1762.239
101559,1759.5492
101560,1757.8191
101561,1755.3965
101562,1773.0092
101563,1750.8142
101564,1732.2706
101565,1725.2668
101566,1761.3021
101567,1747.5115
101568,1684.0256
101569,1522.0165
101570,1410.5802
101571,1361.6857
101572,1327.3728
101573,1327.9872
101574,1351.5061
101575,1452.8904
101576,1622.3943
101577,1649.5779
101578,1673.6895
101579,1701.983
101580,1715.7272
101581,1745.8557
101582,1804.2338
101583,1791.0557
101584,1795.1969
101585,1797.9255
101586,1804.8451
101587,1782.9418
101588,1780.7177
101589,1763.6963
101590,1806.3925
101591,1799.7064
101592,1736.5814
101593,1532.5597
101594,1421.7788
101595,1370.792
101596,1338.5548
101597,1343.813
101598,1353.8407
101599,1457.7958
101600,1626.7201
101601,1660.6669
101602,1673.3132
101603,1710.7852
101604,1719.3079
101605,1752.662
101606,1812.0685
101607,1787.4674
101608,1790.4966
101609,1787.6594
101610,1807.972
101611,1782.4889
101612,1766.7214
101613,1760.5023
101614,1796.7804
101615,1787.7502
101616,1733.7565
101617,1483.1605
101618,1371.4895
101619,1328.7507
101620,1296.8947
101621,1300.5719
101622,1309.4402
101623,1408.8612
101624,1591.5718
101625,1620.7214
101626,1637.388
101627,1668.9127
101628,1685.2465
101629,1706.4531
101630,1770.7625
101631,1753.5271
101632,1761.1825
101633,1750.3438
101634,1769.7639
101635,1750.4408
101636,1727.4797
101637,1712.7694
101638,1756.5377
101639,1743.755
101640,1687.1823
101641,1478.7721
101642,1375.3933
101643,1306.9438
101644,1275.4227
101645,1282.882
101646,1289.7324
101647,1370.2516
101648,1541.1759
101649,1568.5621
101650,1588.8174
101651,1617.8292
101652,1633.2148
101653,1671.3016
101654,1736.6317
101655,1711.1174
101656,1721.7766
101657,1714.869
101658,1726.2756
101659,1683.607
101660,1658.0714
101661,1658.7677
101662,1689.7655
101663,1673.1226
101664,1619.3738
101665,1446.8905
101666,1340.4125
101667,1271.5232
101668,1226.4656
101669,1225.1852
101670,1222.0117
101671,1257.0688
101672,1304.0447
101673,1337.0151
101674,1383.4926
101675,1443.2217
101676,1475.9857
101677,1513.7802
101678,1594.7004
101679,1581.9275
101680,1573.3843
101681,1572.3624
101682,1575.5815
101683,1549.1866
101684,1561.2668
101685,1534.4946
101686,1582.6372
101687,1585.6981
101688,1537.9856
101689,1358.3495
101690,1244.8918
101691,1200.5863
101692,1146.183
101693,1139.5986
101694,1156.4038
101695,1163.2288
101696,1236.5869
101697,1240.5021
101698,1270.4082
101699,1354.9886
101700,1384.0969
101701,1409.5295
101702,1487.6978
101703,1488.5526
101704,1453.0941
101705,1468.5944
101706,1464.7238
101707,1490.7572
101708,1495.3298
101709,1472.652
101710,1521.5876
101711,1530.9197
101712,1462.493
101713,1415.6753
101714,1303.6588
101715,1251.0464
101716,1214.4618
101717,1208.5928
101718,1230.5588
101719,1332.4454
101720,1523.2366
101721,1542.3442
101722,1552.7819
101723,1595.7327
101724,1623.6787
101725,1651.0312
101726,1712.315
101727,1710.5459
101728,1695.7487
101729,1704.1525
101730,1692.5605
101731,1695.9775
101732,1669.533
101733,1662.0203
101734,1692.5721
101735,1694.803
101736,1624.3121
101737,1480.4236
101738,1363.2771
101739,1311.0884
101740,1283.3544
101741,1276.167
101742,1294.6691
101743,1381.308
101744,1584.2009
101745,1597.8098
101746,1597.2378
101747,1640.3948
101748,1651.3547
101749,1682.3652
101750,1740.5485
101751,1743.3802
101752,1722.065
101753,1729.0201
101754,1733.3619
101755,1719.5831
101756,1699.6254
101757,1689.899
101758,1725.6838
101759,1724.2493
101760,1661.6873
101761,1484.4728
101762,1369.2688
101763,1313.2078
101764,1284.5786
101765,1278.467
101766,1296.2982
101767,1383.537
101768,1579.2675
101769,1601.8721
101770,1606.2192
101771,1645.2826
101772,1653.9255
101773,1679.53
101774,1739.9928
101775,1734.4993
101776,1710.8729
101777,1723.6038
101778,1722.8873
101779,1724.1567
101780,1695.9033
101781,1684.1803
101782,1717.8486
101783,1725.1661
101784,1650.8071
101785,1476.9054
101786,1357.5804
101787,1311.6576
101788,1283.1742
101789,1279.5302
101790,1295.4105
101791,1381.727
101792,1575.1155
101793,1590.224
101794,1598.4211
101795,1645.398
101796,1657.5631
101797,1685.6371
101798,1746.7797
101799,1741.6743
101800,1726.7644
101801,1727.1489
101802,1721.7107
101803,1720.0312
101804,1692.0044
101805,1689.9601
101806,1717.832
101807,1720.4255
101808,1658.2444
101809,1533.5197
101810,1419.9818
101811,1348.5295
101812,1321.1571
101813,1321.0929
101814,1329.8445
101815,1383.4688
101816,1581.7794
101817,1607.8322
101818,1610.4872
101819,1661.579
101820,1679.677
101821,1698.1427
101822,1773.7559
101823,1759.1761
101824,1741.4149
101825,1753.7404
101826,1746.2267
101827,1730.3541
101828,1683.3787
101829,1683.9395
101830,1708.685
101831,1717.2128
101832,1664.4906
101833,1483.7693
101834,1377.6371
101835,1317.4434
101836,1282.781
101837,1265.6415
101838,1268.8262
101839,1284.5293
101840,1371.6411
101841,1387.8114
101842,1416.9684
101843,1491.7098
101844,1523.9304
101845,1551.0303
101846,1625.8755
101847,1617.5527
101848,1592.0394
101849,1598.6768
101850,1603.5392
101851,1598.866
101852,1590.9685
101853,1572.5503
101854,1613.1469
101855,1615.9025
101856,1563.3289
101857,1357.8926
101858,1235.6049
101859,1199.2944
101860,1162.2379
101861,1139.1964
101862,1143.3494
101863,1157.8586
101864,1218.4894
101865,1225.0662
101866,1274.2573
101867,1333.2808
101868,1388.5151
101869,1411.525
101870,1482.6483
101871,1491.0422
101872,1467.024
101873,1479.3955
101874,1491.0504
101875,1496.8278
101876,1520.8116
101877,1492.3829
101878,1529.9265
101879,1531.2893
101880,1475.6604
101881,1331.5217
101882,1209.9388
101883,1168.9784
101884,1138.6156
101885,1124.9657
101886,1145.6786
101887,1246.6266
101888,1421.7627
101889,1445.3915
101890,1476.9999
101891,1498.9032
101892,1546.1393
101893,1566.3168
101894,1618.5039
101895,1650.4515
101896,1632.6133
101897,1645.4645
101898,1640.4547
101899,1618.2504
101900,1619.2708
101901,1602.634
101902,1616.7173
101903,1623.0299
101904,1551.5922
101905,1374.4026
101906,1257.6154
101907,1213.7264
101908,1193.6108
101909,1181.5022
101910,1199.9822
101911,1280.4003
101912,1475.1173
101913,1486.4414
101914,1515.4044
101915,1536.9349
101916,1555.4016
101917,1583.6091
101918,1640.5555
101919,1657.6844
101920,1638.472
101921,1649.8423
101922,1660.164
101923,1624.0663
101924,1633.7262
101925,1618.5219
101926,1629.9213
101927,1642.3079
101928,1587.58
101929,1441.0845
101930,1316.0181
101931,1268.2172
101932,1246.8512
101933,1227.501
101934,1249.2441
101935,1325.5118
101936,1512.5033
101937,1534.2037
101938,1558.3356
101939,1580.8702
101940,1615.5679
101941,1635.561
101942,1686.4856
101943,1704.4216
101944,1684.8569
101945,1693.5867
101946,1701.7604
101947,1670.4846
101948,1669.9268
101949,1652.1284
101950,1671.8739
101951,1685.9939
101952,1617.4036
101953,1441.7216
101954,1318.2177
101955,1278.8438
101956,1249.1804
101957,1245.3672
101958,1264.0865
101959,1343.8469
101960,1530.5253
101961,1546.5352
101962,1578.1808
101963,1599.5027
101964,1622.3613
101965,1649.7683
101966,1697.9421
101967,1717.8337
101968,1694.5105
101969,1707.248
101970,1710.216
101971,1681.3638
101972,1682.815
101973,1674.1392
101974,1682.2493
101975,1691.8611
101976,1636.8894
101977,1439.0312
101978,1321.7644
101979,1261.1737
101980,1234.905
101981,1225.614
101982,1232.6995
101983,1286.4463
101984,1467.3453
101985,1486.4072
101986,1516.5883
101987,1544.2472
101988,1575.8213
101989,1600.6005
101990,1666.6222
101991,1685.5763
101992,1664.0549
101993,1663.3071
101994,1669.1554
101995,1638.3372
101996,1630.887
101997,1622.2737
101998,1623.1737
101999,1638.7045
102000,1585.8588
102001,1416.1971
102002,1296.8258
102003,1252.2834
102004,1222.704
102005,1201.6816
102006,1199.5171
102007,1218.4019
102008,1286.439
102009,1306.2781
102010,1362.2074
102011,1403.5345
102012,1447.8601
102013,1477.7245
102014,1550.4606
102015,1573.8383
102016,1546.9697
102017,1543.7693
102018,1562.3148
102019,1540.3848
102020,1561.2673
102021,1540.6644
102022,1558.781
102023,1563.9662
102024,1506.4814
102025,1455.4639
102026,1324.4546
102027,1288.166
102028,1236.1635
102029,1213.6334
102030,1217.3126
102031,1221.1882
102032,1257.5492
102033,1263.4094
102034,1348.3851
102035,1410.078
102036,1481.8192
102037,1523.9396
102038,1652.8695
102039,1697.3369
102040,1695.4695
102041,1689.3119
102042,1715.4873
102043,1744.7357
102044,1730.7593
102045,1701.0575
102046,1695.3972
102047,1709.1694
102048,1653.2578
102049,1560.7654
102050,1444.7883
102051,1384.8113
102052,1322.9535
102053,1296.3441
102054,1312.807
102055,1397.4147
102056,1566.4291
102057,1575.6936
102058,1631.2937
102059,1682.6371
102060,1748.508
102061,1797.4742
102062,1918.9791
102063,1949.4982
102064,1965.339
102065,1946.5979
102066,1958.4603
102067,1942.2042
102068,1910.3364
102069,1896.289
102070,1869.501
102071,1905.3168
102072,1820.934
102073,1562.7375
102074,1444.3812
102075,1375.6989
102076,1333.7471
102077,1301.5245
102078,1310.8757
102079,1379.5305
102080,1568.3452
102081,1568.332
102082,1615.4009
102083,1663.1393
102084,1716.7423
102085,1763.3119
102086,1886.9901
102087,1927.97
102088,1937.87
102089,1927.3397
102090,1952.1185
102091,1933.9866
102092,1905.34
102093,1871.4908
102094,1847.3556
102095,1887.2487
102096,1792.6012
102097,1623.9751
102098,1495.9137
102099,1430.0769
102100,1383.4357
102101,1361.3201
102102,1368.728
102103,1433.0604
102104,1612.4122
102105,1621.6296
102106,1671.6049
102107,1719.0024
102108,1782.9688
102109,1828.5803
102110,1949.1284
102111,1968.0222
102112,1975.4932
102113,1962.1915
102114,1981.4095
102115,1967.1082
102116,1946.1045
102117,1925.0819
102118,1900.5873
102119,1932.6637
102120,1839.2561
102121,1646.5623
102122,1522.7543
102123,1471.5321
102124,1418.2805
102125,1397.6907
102126,1407.1497
102127,1467.7135
102128,1650.9143
102129,1655.4674
102130,1706.6792
102131,1757.4076
102132,1808.387
102133,1859.5859
102134,1976.3702
102135,2004.253
102136,2011.3749
102137,2000.8113
102138,2015.6686
102139,2000.1057
102140,1970.2725
102141,1962.3079
102142,1935.9956
102143,1961.2092
102144,1877.6108
102145,1664.0963
102146,1542.9003
102147,1468.9624
102148,1417.7727
102149,1403.0928
102150,1411.094
102151,1444.478
102152,1618.7302
102153,1614.6017
102154,1673.9102
102155,1718.6963
102156,1781.6841
102157,1829.9645
102158,1956.597
102159,1975.3336
102160,1980.7855
102161,1963.7311
102162,1973.8767
102163,1968.9647
102164,1933.1102
102165,1916.6874
102166,1882.1198
102167,1915.4678
102168,1828.3898
102169,1563.6194
102170,1446.9159
102171,1393.2977
102172,1346.7147
102173,1325.4374
102174,1328.6086
102175,1339.5046
102176,1399.8326
102177,1400.969
102178,1478.8854
102179,1543.4172
102180,1615.1891
102181,1672.7872
102182,1781.1348
102183,1799.7134
102184,1805.2345
102185,1792.487
102186,1823.6824
102187,1827.1852
102188,1803.9749
102189,1783.327
102190,1755.8691
102191,1774.4497
102192,1694.2017
102193,1490.5923
102194,1375.4032
102195,1333.7894
102196,1297.4193
102197,1253.4336
102198,1247.2341
102199,1243.4503
102200,1311.6945
102201,1316.9901
102202,1424.7142
102203,1500.088
102204,1547.1665
102205,1585.4281
102206,1725.3969
102207,1757.4584
102208,1771.8318
102209,1766.1029
102210,1789.5957
102211,1811.2319
102212,1789.4033
102213,1757.774
102214,1748.3301
102215,1754.1775
102216,1722.3042
102217,1451.293
102218,1339.1998
102219,1284.7686
102220,1233.5839
102221,1206.4214
102222,1201.8568
102223,1267.4387
102224,1470.6794
102225,1478.9694
102226,1565.7242
102227,1619.7416
102228,1670.2899
102229,1708.7671
102230,1842.9137
102231,1863.6306
102232,1884.7338
102233,1874.094
102234,1877.616
102235,1858.7656
102236,1831.2499
102237,1817.1594
102238,1802.1189
102239,1805.1965
102240,1754.293
102241,1597.6411
102242,1475.7587
102243,1412.5581
102244,1371.754
102245,1343.4296
102246,1337.4536
102247,1392.355
102248,1601.3643
102249,1603.6221
102250,1681.7708
102251,1742.6359
102252,1785.0555
102253,1817.1211
102254,1950.1954
102255,1984.6974
102256,2001.5927
102257,1983.1278
102258,2006.8414
102259,1979.2557
102260,1953.0848
102261,1924.0597
102262,1912.2395
102263,1923.4888
102264,1865.5806
102265,1638.9944
102266,1524.7703
102267,1458.0188
102268,1411.8522
102269,1375.5131
102270,1370.8765
102271,1434.728
102272,1635.2161
102273,1645.5552
102274,1713.6578
102275,1777.9601
102276,1822.1346
102277,1856.2617
102278,1990.9142
102279,2005.9404
102280,2026.0469
102281,2012.4829
102282,2024.9404
102283,2002.7174
102284,1976.5851
102285,1946.9852
102286,1922.271
102287,1942.1896
102288,1890.2054
102289,1669.124
102290,1502.8972
102291,1453.9497
102292,1403.2634
102293,1365.0258
102294,1359.8486
102295,1409.1733
102296,1592.1349
102297,1591.9171
102298,1669.1167
102299,1726.2003
102300,1831.1829
102301,1924.4608
102302,2035.4619
102303,2055.5164
102304,2082.7263
102305,2069.877
102306,2090.2112
102307,2058.6711
102308,2046.0547
102309,2023.8109
102310,1983.959
102311,2004.3931
102312,1867.7847
102313,1706.3932
102314,1539.3906
102315,1460.5787
102316,1423.351
102317,1381.0164
102318,1380.5807
102319,1400.7256
102320,1585.4176
102321,1586.411
102322,1664.6263
102323,1720.8516
102324,1829.185
102325,1915.252
102326,2033.3228
102327,2045.583
102328,2066.6125
102329,2053.0137
102330,2069.2017
102331,2034.6981
102332,2022.917
102333,1994.7703
102334,1955.3813
102335,1973.3398
102336,1845.5808
102337,1571.0042
102338,1433.0216
102339,1379.8966
102340,1345.3939
102341,1299.615
102342,1292.1398
102343,1287.8618
102344,1362.646
102345,1364.2092
102346,1464.9995
102347,1542.3134
102348,1624.8319
102349,1716.6306
102350,1821.7546
102351,1841.2772
102352,1849.2354
102353,1842.8842
102354,1879.0217
102355,1855.2812
102356,1855.5072
102357,1819.2198
102358,1784.7278
102359,1775.4479
102360,1696.1106
102361,1411.8915
102362,1350.1217
102363,1293.7585
102364,1237.1093
102365,1202.951
102366,1203.6675
102367,1213.9183
102368,1178.0907
102369,1261.8572
102370,1343.7622
102371,1431.9172
102372,1498.2876
102373,1588.2649
102374,1743.6647
102375,1813.4065
102376,1791.7914
102377,1795.4763
102378,1811.1816
102379,1857.066
102380,1841.2683
102381,1803.2115
102382,1774.33
102383,1733.6064
102384,1677.288
102385,1433.8481
102386,1336.362
102387,1282.6637
102388,1227.1764
102389,1199.1243
102390,1215.9242
102391,1271.0459
102392,1378.7667
102393,1455.6664
102394,1528.416
102395,1598.6388
102396,1692.2141
102397,1783.0671
102398,1915.3746
102399,1962.6298
102400,1965.6459
102401,1965.6758
102402,1968.654
102403,1977.0194
102404,1956.1852
102405,1928.0111
102406,1888.4054
102407,1867.3789
102408,1762.301
102409,1503.0349
102410,1403.2094
102411,1334.6224
102412,1280.1034
102413,1256.4912
102414,1269.0262
102415,1308.966
102416,1422.4958
102417,1501.6351
102418,1559.6523
102419,1629.3433
102420,1718.1635
102421,1809.0416
102422,1946.6036
102423,1989.7202
102424,1993.3634
102425,1982.835
102426,1998.7905
102427,1994.5197
102428,1979.8676
102429,1932.3475
102430,1900.327
102431,1888.8572
102432,1788.899
102433,1560.5415
102434,1462.974
102435,1397.4026
102436,1334.3453
102437,1293.5381
102438,1305.8159
102439,1358.3704
102440,1464.9346
102441,1540.6959
102442,1595.1793
102443,1675.6602
102444,1764.5562
102445,1857.5491
102446,1994.9618
102447,2035.9164
102448,2038.043
102449,2037.4086
102450,2048.973
102451,2050.218
102452,2029.9893
102453,1977.7963
102454,1940.9034
102455,1935.3423
102456,1835.1287
102457,1598.1716
102458,1496.9231
102459,1443.3833
102460,1379.8464
102461,1344.6472
102462,1359.5234
102463,1406.5559
102464,1517.9741
102465,1581.7925
102466,1643.6478
102467,1720.7965
102468,1809.6078
102469,1906.6667
102470,2038.0651
102471,2079.1663
102472,2081.6194
102473,2078.0295
102474,2085.132
102475,2085.05
102476,2063.6833
102477,2023.4602
102478,1983.1879
102479,1969.8193
102480,1877.2391
102481,1620.7163
102482,1527.2662
102483,1456.0856
102484,1396.6407
102485,1354.0387
102486,1373.0087
102487,1382.613
102488,1503.1699
102489,1576.2124
102490,1634.5894
102491,1712.2391
102492,1794.1682
102493,1890.0869
102494,2031.9015
102495,2072.3342
102496,2067.5076
102497,2053.563
102498,2067.1848
102499,2060.6692
102500,2027.8684
102501,1989.4703
102502,1947.8799
102503,1926.2598
102504,1843.406
102505,1564.3877
102506,1503.1694
102507,1429.1107
102508,1373.9342
102509,1337.7285
102510,1343.6877
102511,1346.528
102512,1342.3274
102513,1408.8354
102514,1498.5387
102515,1603.2506
102516,1653.111
102517,1756.341
102518,1893.0947
102519,1931.2853
102520,1918.1216
102521,1921.9133
102522,1935.559
102523,1968.3226
102524,1942.2118
102525,1892.0502
102526,1862.2151
102527,1829.8914
102528,1758.3295
102529,1617.6146
102530,1553.8177
102531,1524.0154
102532,1457.0392
102533,1432.3499
102534,1434.4637
102535,1429.8663
102536,1390.9772
102537,1466.5955
102538,1532.4514
102539,1616.3503
102540,1693.734
102541,1786.6732
102542,1900.9265
102543,1981.3594
102544,1986.3699
102545,1979.9054
102546,2000.0616
102547,2022.5542
102548,1997.8384
102549,1983.7827
102550,1926.764
102551,1935.7593
102552,1851.22
102553,1745.2476
102554,1650.1967
102555,1610.9657
102556,1555.0048
102557,1528.5731
102558,1524.231
102559,1582.0934
102560,1695.8807
102561,1770.0029
102562,1809.6172
102563,1886.6233
102564,1997.0164
102565,2076.1418
102566,2197.7322
102567,2241.5264
102568,2269.1362
102569,2242.613
102570,2262.241
102571,2255.5872
102572,2227.2817
102573,2197.0564
102574,2144.7114
102575,2161.7664
102576,2035.0435
102577,1700.5078
102578,1599.3944
102579,1554.8558
102580,1498.1145
102581,1469.9894
102582,1472.6571
102583,1521.5032
102584,1634.288
102585,1697.8125
102586,1733.6824
102587,1811.4003
102588,1911.1735
102589,1988.0844
102590,2111.4558
102591,2155.2231
102592,2187.34
102593,2172.4512
102594,2182.8145
102595,2177.8174
102596,2155.1091
102597,2123.5208
102598,2068.362
102599,2087.5747
102600,1959.9884
102601,1700.587
102602,1603.4565
102603,1559.0577
102604,1495.5304
102605,1452.5127
102606,1456.9186
102607,1507.6863
102608,1617.971
102609,1690.1838
102610,1723.0247
102611,1792.3011
102612,1898.0393
102613,1975.7185
102614,2094.2744
102615,2137.3384
102616,2164.6428
102617,2146.9614
102618,2168.4465
102619,2162.8108
102620,2138.9075
102621,2106.0884
102622,2052.5293
102623,2067.2937
102624,1944.0831
102625,1655.6105
102626,1557.453
102627,1513.991
102628,1453.7279
102629,1420.8076
102630,1415.8625
102631,1471.8015
102632,1579.5984
102633,1637.4839
102634,1689.7444
102635,1750.1019
102636,1851.9618
102637,1935.7329
102638,2058.8782
102639,2105.7073
102640,2125.3152
102641,2102.652
102642,2126.92
102643,2130.97
102644,2099.8796
102645,2073.8994
102646,2014.8499
102647,2027.841
102648,1906.6311
102649,1635.8882
102650,1549.3132
102651,1481.2803
102652,1438.4938
102653,1413.0815
102654,1402.317
102655,1421.2175
102656,1533.8735
102657,1604.5219
102658,1650.4637
102659,1713.2213
102660,1801.073
102661,1892.3389
102662,2015.0382
102663,2056.2222
102664,2081.5894
102665,2059.3057
102666,2079.1526
102667,2064.5483
102668,2029.5145
102669,2007.4072
102670,1949.4873
102671,1968.6245
102672,1848.892
102673,1681.5037
102674,1611.6206
102675,1564.1338
102676,1512.9047
102677,1469.9949
102678,1468.1556
102679,1471.9489
102680,1461.2484
102681,1525.5048
102682,1598.8224
102683,1691.8053
102684,1776.871
102685,1865.239
102686,1980.5388
102687,2021.519
102688,2028.3422
102689,2019.8892
102690,2034.6405
102691,2047.8013
102692,2012.8337
102693,1998.4303
102694,1945.7467
102695,1942.3503
102696,1848.0596
102697,1568.9784
102698,1460.4144
102699,1421.6951
102700,1364.4901
102701,1308.955
102702,1287.1472
102703,1313.4962
102704,1298.5161
102705,1382.0243
102706,1498.9396
102707,1600.004
102708,1675.4384
102709,1758.4767
102710,1904.5549
102711,1971.8341
102712,1998.6389
102713,2002.549
102714,2028.11
102715,2031.8339
102716,1987.0101
102717,1959.7563
102718,1916.0653
102719,1915.1218
102720,1827.4331
102721,1663.3121
102722,1526.6262
102723,1479.524
102724,1418.7887
102725,1369.4581
102726,1368.5391
102727,1448.0607
102728,1568.1035
102729,1622.666
102730,1718.5814
102731,1811.8663
102732,1923.6766
102733,2005.342
102734,2146.2683
102735,2193.6619
102736,2220.2393
102737,2218.637
102738,2238.7266
102739,2218.7358
102740,2185.0989
102741,2149.9692
102742,2101.5957
102743,2092.3918
102744,1956.2318
102745,1790.7576
102746,1673.2703
102747,1603.7279
102748,1560.9207
102749,1511.0585
102750,1507.1234
102751,1571.0997
102752,1683.3997
102753,1748.487
102754,1835.5994
102755,1932.0316
102756,2028.0709
102757,2108.158
102758,2246.0747
102759,2300.9026
102760,2328.6157
102761,2321.766
102762,2351.2954
102763,2315.3079
102764,2284.7285
102765,2244.6653
102766,2198.9956
102767,2203.0725
102768,2065.185
102769,1793.5178
102770,1670.3738
102771,1612.8469
102772,1560.3732
102773,1504.602
102774,1495.7925
102775,1557.087
102776,1677.1681
102777,1738.9854
102778,1826.1586
102779,1920.1034
102780,2019.1829
102781,2098.298
102782,2244.9658
102783,2284.473
102784,2319.0361
102785,2307.4028
102786,2333.873
102787,2297.889
102788,2268.556
102789,2229.323
102790,2181.6367
102791,2191.8499
102792,2055.8445
102793,1782.9668
102794,1669.0498
102795,1604.6805
102796,1556.1561
102797,1494.3552
102798,1486.8331
102799,1558.1727
102800,1666.1326
102801,1726.4851
102802,1820.6384
102803,1906.7046
102804,2003.1382
102805,2091.2708
102806,2229.5513
102807,2278.592
102808,2315.8684
102809,2308.8188
102810,2328.5793
102811,2307.9202
102812,2272.071
102813,2235.996
102814,2188.3237
102815,2184.28
102816,2050.2993
102817,1759.3207
102818,1646.5607
102819,1562.1812
102820,1511.2201
102821,1441.0343
102822,1440.0905
102823,1487.1287
102824,1598.4319
102825,1657.3081
102826,1742.205
102827,1841.897
102828,1950.6686
102829,2039.6041
102830,2180.54
102831,2230.8132
102832,2259.4636
102833,2259.102
102834,2276.4897
102835,2260.312
102836,2216.9092
102837,2166.9197
102838,2112.1265
102839,2106.7043
102840,1979.2534
102841,1691.5748
102842,1598.679
102843,1534.6763
102844,1488.9843
102845,1420.8052
102846,1409.1614
102847,1435.982
102848,1420.7849
102849,1483.5483
102850,1599.9058
102851,1722.5718
102852,1818.0215
102853,1909.8007
102854,2041.8959
102855,2082.5125
102856,2102.677
102857,2111.1152
102858,2133.8254
102859,2125.975
102860,2083.527
102861,2048.0068
102862,1998.155
102863,1985.6842
102864,1891.0393
102865,1734.3738
102866,1584.6019
102867,1526.9763
102868,1498.9265
102869,1438.9204
102870,1439.4114
102871,1431.755
102872,1463.4675
102873,1482.172
102874,1567.7852
102875,1662.0802
102876,1734.9952
102877,1820.605
102878,1951.3981
102879,2003.3911
102880,2013.225
102881,1999.8394
102882,2044.4932
102883,2036.4467
102884,2019.2323
102885,1986.9932
102886,1927.6093
102887,1953.2634
102888,1892.6311
102889,1760.152
102890,1578.2098
102891,1534.1661
102892,1501.6285
102893,1457.286
102894,1461.8667
102895,1505.5092
102896,1666.6608
102897,1687.8265
102898,1751.1819
102899,1834.8655
102900,1934.0195
102901,2015.0165
102902,2148.65
102903,2170.6323
102904,2197.0916
102905,2185.61
102906,2209.3726
102907,2184.602
102908,2161.6118
102909,2130.8594
102910,2068.3623
102911,2095.5796
102912,1984.7206
102913,1714.1532
102914,1520.7853
102915,1475.9608
102916,1438.5032
102917,1396.0828
102918,1403.9557
102919,1444.4006
102920,1597.1342
102921,1611.3588
102922,1669.4095
102923,1749.2078
102924,1846.9481
102925,1927.3579
102926,2061.1008
102927,2074.597
102928,2105.1323
102929,2098.916
102930,2116.914
102931,2088.7817
102932,2068.9382
102933,2041.3655
102934,1979.1135
102935,2015.517
102936,1910.2693
102937,1618.3243
102938,1431.68
102939,1376.942
102940,1343.956
102941,1292.9303
102942,1293.4424
102943,1334.0071
102944,1496.0146
102945,1508.1238
102946,1565.9606
102947,1649.3467
102948,1741.5513
102949,1826.0646
102950,1962.4338
102951,1969.0012
102952,2006.8599
102953,1992.1943
102954,2015.6718
102955,1999.0564
102956,1976.8912
102957,1941.489
102958,1884.4667
102959,1909.8912
102960,1802.1848
102961,1552.1282
102962,1360.5531
102963,1318.4807
102964,1279.2743
102965,1232.4636
102966,1236.3745
102967,1272.1263
102968,1440.8518
102969,1447.8907
102970,1513.4019
102971,1586.3712
102972,1676.5139
102973,1757.3202
102974,1888.2422
102975,1899.9941
102976,1928.8552
102977,1917.9927
102978,1936.8394
102979,1915.1298
102980,1897.9484
102981,1866.1487
102982,1813.3575
102983,1833.8257
102984,1739.6975
102985,1544.5521
102986,1357.8464
102987,1296.9346
102988,1271.0745
102989,1220.8524
102990,1222.2043
102991,1228.1508
102992,1390.6272
102993,1403.7366
102994,1469.1174
102995,1542.8624
102996,1636.2771
102997,1718.2731
102998,1855.6699
102999,1872.2091
103000,1899.9889
103001,1893.1444
103002,1914.7983
103003,1874.8076
103004,1854.1812
103005,1822.7828
103006,1766.1456
103007,1769.0686
103008,1690.9299
103009,1517.9255
103010,1366.0275
103011,1314.1066
103012,1289.6177
103013,1209.7069
103014,1216.0966
103015,1198.2014
103016,1248.8844
103017,1257.8488
103018,1351.0116
103019,1451.983
103020,1529.5929
103021,1621.6525
103022,1750.572
103023,1769.7343
103024,1781.5292
103025,1768.4181
103026,1806.2334
103027,1800.1074
103028,1788.022
103029,1762.0573
103030,1691.9492
103031,1684.898
103032,1632.2585
103033,1587.5583
103034,1521.4696
103035,1447.142
103036,1374.3679
103037,1317.325
103038,1306.1677
103039,1330.2244
103040,1255.0708
103041,1342.0023
103042,1424.4042
103043,1534.0879
103044,1618.8693
103045,1710.2131
103046,1883.5653
103047,1935.6345
103048,1970.331
103049,1959.2133
103050,1982.3235
103051,2007.9897
103052,1982.6389
103053,1937.6873
103054,1894.5813
103055,1862.1915
103056,1804.4785
103057,1645.7467
103058,1540.989
103059,1479.6964
103060,1418.1619
103061,1379.4031
103062,1379.0753
103063,1451.1995
103064,1519.5695
103065,1599.9812
103066,1669.7897
103067,1756.7524
103068,1862.2719
103069,1959.4429
103070,2115.5273
103071,2136.1611
103072,2177.8037
103073,2171.8318
103074,2180.905
103075,2182.113
103076,2151.6846
103077,2117.8845
103078,2065.9956
103079,2040.63
103080,1942.2698
103081,1734.839
103082,1627.2249
103083,1558.8778
103084,1499.5148
103085,1472.0293
103086,1463.9333
103087,1519.7229
103088,1593.8859
103089,1673.997
103090,1735.5344
103091,1830.668
103092,1924.3704
103093,2014.2404
103094,2180.332
103095,2202.5408
103096,2237.394
103097,2224.5437
103098,2242.3665
103099,2240.7502
103100,2229.2915
103101,2180.4624
103102,2131.3308
103103,2109.4573
103104,2014.4331
103105,1771.4639
103106,1662.9417
103107,1596.2014
103108,1530.0131
103109,1488.2534
103110,1482.6255
103111,1543.4154
103112,1619.7164
103113,1696.3187
103114,1758.1782
103115,1854.1206
103116,1946.6604
103117,2038.2712
103118,2201.3945
103119,2224.1138
103120,2272.782
103121,2251.8684
103122,2274.811
103123,2257.5654
103124,2236.7104
103125,2195.546
103126,2143.846
103127,2135.342
103128,2028.0642
103129,1786.8121
103130,1682.6857
103131,1615.9675
103132,1545.3865
103133,1497.746
103134,1494.342
103135,1560.0969
103136,1632.9435
103137,1707.415
103138,1774.668
103139,1868.9349
103140,1960.4567
103141,2056.1406
103142,2214.7761
103143,2242.6658
103144,2283.8625
103145,2274.791
103146,2288.2275
103147,2267.973
103148,2245.7346
103149,2196.6301
103150,2148.0557
103151,2139.6702
103152,2041.4951
103153,1798.4852
103154,1703.3215
103155,1614.0074
103156,1562.2449
103157,1506.0743
103158,1503.0894
103159,1537.9014
103160,1620.2314
103161,1693.0549
103162,1751.472
103163,1839.52
103164,1933.0712
103165,2034.1846
103166,2188.9688
103167,2206.7166
103168,2263.9827
103169,2235.8901
103170,2254.0093
103171,2232.7075
103172,2204.0444
103173,2161.2837
103174,2113.3213
103175,2094.9622
103176,2005.1726
103177,1711.4812
103178,1638.7388
103179,1557.6842
103180,1500.1339
103181,1434.7294
103182,1428.5398
103183,1450.4796
103184,1407.4995
103185,1474.1451
103186,1554.4762
103187,1683.2017
103188,1760.7075
103189,1857.0793
103190,2015.7795
103191,2042.0533
103192,2074.1494
103193,2068.3525
103194,2098.4155
103195,2103.0496
103196,2070.8574
103197,2022.8547
103198,1973.5786
103199,1940.741
103200,1870.8586
103201,1617.9391
103202,1511.3419
103203,1434.7275
103204,1389.8878
103205,1334.8134
103206,1320.8644
103207,1329.1105
103208,1334.444
103209,1411.4589
103210,1515.1893
103211,1612.2589
103212,1705.9108
103213,1803.9272
103214,1937.3516
103215,2015.3533
103216,2020.369
103217,2029.25
103218,2060.803
103219,2072.8977
103220,2058.5305
103221,2035.0043
103222,1958.8752
103223,1931.6097
103224,1871.5958
103225,1755.2091
103226,1618.2318
103227,1535.5493
103228,1483.3917
103229,1442.0602
103230,1445.7975
103231,1514.5952
103232,1659.5956
103233,1711.3176
103234,1801.2877
103235,1872.6014
103236,1995.05
103237,2089.9436
103238,2222.034
103239,2271.7236
103240,2291.7195
103241,2294.4326
103242,2308.0718
103243,2295.1638
103244,2283.2498
103245,2242.271
103246,2181.3816
103247,2164.4658
103248,2040.935
103249,1749.6202
103250,1627.4926
103251,1537.3578
103252,1497.2628
103253,1454.8058
103254,1455.5754
103255,1516.2966
103256,1641.5135
103257,1706.0908
103258,1785.1309
103259,1860.4788
103260,1971.8743
103261,2071.851
103262,2200.5388
103263,2245.5376
103264,2274.6516
103265,2263.7249
103266,2295.054
103267,2266.754
103268,2254.263
103269,2219.0173
103270,2162.0828
103271,2142.7273
103272,2027.4896
103273,1778.718
103274,1654.9633
103275,1563.4404
103276,1516.5211
103277,1463.9945
103278,1458.7007
103279,1514.5898
103280,1648.0442
103281,1716.3928
103282,1792.6382
103283,1866.4775
103284,1989.0956
103285,2077.735
103286,2214.2837
103287,2254.1658
103288,2292.1313
103289,2274.4204
103290,2306.996
103291,2271.2104
103292,2255.108
103293,2217.4307
103294,2166.4827
103295,2154.9453
103296,2042.7156
103297,1826.2216
103298,1706.9711
103299,1619.9426
103300,1576.5504
103301,1522.2418
103302,1522.2188
103303,1576.0448
103304,1711.5906
103305,1768.8658
103306,1855.3595
103307,1919.9579
103308,2041.7585
103309,2138.7166
103310,2268.82
103311,2317.042
103312,2348.6924
103313,2344.4993
103314,2363.0828
103315,2333.464
103316,2316.1206
103317,2285.6003
103318,2221.942
103319,2206.7905
103320,2091.2212
103321,1856.3235
103322,1737.314
103323,1624.8533
103324,1590.16
103325,1528.7124
103326,1537.2651
103327,1558.9042
103328,1693.6942
103329,1754.7167
103330,1840.213
103331,1912.0737
103332,2029.3774
103333,2119.058
103334,2255.422
103335,2302.1948
103336,2322.8213
103337,2318.7769
103338,2339.3142
103339,2320.1533
103340,2295.2812
103341,2258.5383
103342,2182.1062
103343,2172.1707
103344,2063.316
103345,1712.0199
103346,1619.2406
103347,1533.5361
103348,1495.4004
103349,1432.2153
103350,1425.6886
103351,1423.2869
103352,1435.3014
103353,1500.811
103354,1613.3109
103355,1714.0743
103356,1816.2887
103357,1914.5815
103358,2041.9988
103359,2083.2434
103360,2101.3984
103361,2096.466
103362,2127.9263
103363,2133.1191
103364,2106.0718
103365,2074.6077
103366,2003.7922
103367,1980.1565
103368,1908.1968
103369,1662.864
103370,1569.142
103371,1518.4631
103372,1464.5758
103373,1414.6921
103374,1402.5815
103375,1415.5542
103376,1412.7576
103377,1479.0698
103378,1592.9908
103379,1690.3688
103380,1771.0276
103381,1859.5696
103382,1998.5978
103383,2058.0278
103384,2084.7734
103385,2080.385
103386,2107.8044
103387,2114.6804
103388,2071.4944
103389,2043.4813
103390,1985.8385
103391,2016.8687
103392,1943.6174
103393,1812.2695
103394,1679.6959
103395,1633.584
103396,1571.6027
103397,1528.767
103398,1535.0383
103399,1600.1586
103400,1736.5613
103401,1779.427
103402,1879.1113
103403,1959.2444
103404,2076.3342
103405,2155.9521
103406,2295.0286
103407,2326.2375
103408,2362.7056
103409,2347.175
103410,2365.2856
103411,2334.759
103412,2301.698
103413,2257.1462
103414,2219.648
103415,2252.1045
103416,2115.284
103417,1798.6226
103418,1677.1864
103419,1627.752
103420,1558.0514
103421,1524.1499
103422,1528.2897
103423,1579.1378
103424,1710.9874
103425,1759.3042
103426,1858.784
103427,1933.5886
103428,2032.9758
103429,2112.49
103430,2253.6775
103431,2287.7766
103432,2326.3545
103433,2307.286
103434,2328.037
103435,2297.8286
103436,2269.8245
103437,2224.154
103438,2182.2874
103439,2225.045
103440,2084.1946
103441,1823.857
103442,1703.7682
103443,1655.563
103444,1586.3738
103445,1532.1129
103446,1531.9064
103447,1592.0344
103448,1714.8634
103449,1769.2386
103450,1855.2985
103451,1944.364
103452,2047.2648
103453,2127.1458
103454,2268.8687
103455,2305.9543
103456,2340.914
103457,2323.7917
103458,2350.5618
103459,2331.886
103460,2301.4644
103461,2256.0977
103462,2213.0703
103463,2239.05
103464,2109.3633
103465,1806.5907
103466,1694.9833
103467,1640.9923
103468,1578.2563
103469,1523.3553
103470,1525.517
103471,1585.8228
103472,1717.2457
103473,1766.0299
103474,1857.0671
103475,1930.6987
103476,2034.2899
103477,2118.5322
103478,2249.42
103479,2301.3337
103480,2343.0955
103481,2322.0269
103482,2345.6604
103483,2313.2026
103484,2277.1099
103485,2238.731
103486,2190.8438
103487,2227.5432
103488,2089.3743
103489,1924.8494
103490,1812.729
103491,1748.7788
103492,1689.9298
103493,1635.1134
103494,1639.8589
103495,1662.8572
103496,1792.844
103497,1839.4901
103498,1934.8915
103499,2013.2958
103500,2122.4138
103501,2201.2312
103502,2344.665
103503,2372.5623
103504,2416.8484
103505,2383.6694
103506,2401.1355
103507,2379.1692
103508,2332.8625
103509,2288.5334
103510,2241.527
103511,2288.0942
103512,2154.9263
103513,1829.3726
103514,1754.5278
103515,1691.0706
103516,1642.6102
103517,1571.2684
103518,1569.3488
103519,1587.087
103520,1584.6013
103521,1636.099
103522,1754.4717
103523,1859.0798
103524,1946.316
103525,2034.6656
103526,2165.2441
103527,2206.1348
103528,2236.7114
103529,2225.4236
103530,2250.0461
103531,2260.5269
103532,2215.7903
103533,2176.0437
103534,2124.2993
103535,2139.4739
103536,2045.1688
103537,1694.522
103538,1604.8107
103539,1526.897
103540,1470.6173
103541,1403.9249
103542,1396.9978
103543,1406.9755
103544,1413.073
103545,1475.2782
103546,1593.334
103547,1699.218
103548,1772.8838
103549,1875.7693
103550,2012.9293
103551,2093.5095
103552,2111.6807
103553,2122.0105
103554,2144.6926
103555,2159.545
103556,2120.608
103557,2079.9004
103558,2030.3633
103559,2022.5719
103560,1949.305
103561,1730.6558
103562,1600.223
103563,1527.5803
103564,1462.977
103565,1413.3448
103566,1420.9146
103567,1491.2914
103568,1626.899
103569,1664.023
103570,1761.5671
103571,1857.6034
103572,1970.0548
103573,2069.0486
103574,2199.8447
103575,2240.5134
103576,2269.614
103577,2279.361
103578,2285.6838
103579,2257.5813
103580,2216.4194
103581,2183.6643
103582,2140.5745
103583,2151.0356
103584,2010.7548
103585,1757.8019
103586,1647.274
103587,1562.8513
103588,1506.8878
103589,1467.1444
103590,1462.0529
103591,1518.7694
103592,1648.461
103593,1697.6907
103594,1782.048
103595,1884.215
103596,1977.4052
103597,2067.1248
103598,2202.1313
103599,2252.7493
103600,2283.5615
103601,2283.695
103602,2305.3667
103603,2266.149
103604,2230.1057
103605,2184.5925
103606,2144.7573
103607,2158.5374
103608,2024.3627
103609,1791.8094
103610,1678.7522
103611,1604.2798
103612,1536.9385
103613,1485.8251
103614,1480.0402
103615,1539.1421
103616,1660.4656
103617,1716.0636
103618,1800.0189
103619,1898.5344
103620,1995.9409
103621,2089.584
103622,2226.3965
103623,2272.4404
103624,2301.542
103625,2296.8594
103626,2313.77
103627,2293.7175
103628,2253.0916
103629,2208.5933
103630,2160.699
103631,2177.4312
103632,2037.9028
103633,1734.7428
103634,1620.1965
103635,1553.0076
103636,1491.3068
103637,1437.6724
103638,1435.2861
103639,1493.2847
103640,1618.1044
103641,1670.1407
103642,1760.7357
103643,1852.9857
103644,1942.8059
103645,2042.5972
103646,2174.343
103647,2217.5222
103648,2250.3267
103649,2257.6128
103650,2267.6343
103651,2232.058
103652,2187.3577
103653,2163.3176
103654,2115.7231
103655,2136.232
103656,1994.4832
103657,1663.9862
103658,1559.4047
103659,1465.3695
103660,1424.2383
103661,1361.4739
103662,1366.5635
103663,1381.9105
103664,1513.3578
103665,1558.9791
103666,1647.6045
103667,1744.3755
103668,1836.5912
103669,1937.9552
103670,2076.627
103671,2144.8772
103672,2180.1035
103673,2173.1233
103674,2184.1758
103675,2163.3813
103676,2116.987
103677,2080.522
103678,2034.4265
103679,2042.5696
103680,1912.8573
103681,1586.0869
103682,1506.1129
103683,1431.5328
103684,1385.9678
103685,1327.0394
103686,1322.8481
103687,1314.1484
103688,1331.1464
103689,1383.362
103690,1506.1501
103691,1620.1705
103692,1687.8069
103693,1785.9523
103694,1873.5452
103695,1950.9874
103696,1967.3666
103697,1979.0356
103698,1995.8881
103699,1993.4237
103700,1962.6335
103701,1911.3448
103702,1876.0808
103703,1872.9625
103704,1781.6011
103705,1574.8613
103706,1462.8279
103707,1390.6486
103708,1293.4332
103709,1247.3024
103710,1248.9464
103711,1252.6356
103712,1260.8671
103713,1334.233
103714,1434.1886
103715,1532.2141
103716,1606.5212
103717,1709.6366
103718,1780.2832
103719,1904.2341
103720,1919.2482
103721,1924.6805
103722,1937.855
103723,1957.0474
103724,1931.3685
103725,1887.1644
103726,1848.5457
103727,1822.2106
103728,1755.4866
103729,1702.9032
103730,1557.0944
103731,1474.8447
103732,1394.2722
103733,1362.3413
103734,1375.7175
103735,1439.4584
103736,1580.1276
103737,1629.0039
103738,1707.62
103739,1796.557
103740,1905.2328
103741,2008.8508
103742,2072.6956
103743,2154.346
103744,2180.6577
103745,2166.8713
103746,2184.1074
103747,2193.139
103748,2164.8176
103749,2122.906
103750,2071.6304
103751,2049.2136
103752,1927.704
103753,1719.1842
103754,1600.3402
103755,1512.0576
103756,1477.7821
103757,1424.5775
103758,1433.5353
103759,1483.2129
103760,1637.605
103761,1678.285
103762,1757.6957
103763,1842.639
103764,1912.2971
103765,2016.7502
103766,2093.2356
103767,2162.7922
103768,2189.7773
103769,2186.5178
103770,2204.4592
103771,2196.3892
103772,2169.3665
103773,2116.1863
103774,2115.2637
103775,2068.769
103776,1940.4011
103777,1734.5538
103778,1617.3916
103779,1531.2905
103780,1486.005
103781,1442.145
103782,1446.9558
103783,1496.3331
103784,1649.3107
103785,1692.225
103786,1769.548
103787,1857.7087
103788,1925.5575
103789,2028.4172
103790,2108.6592
103791,2163.8103
103792,2187.1797
103793,2187.8738
103794,2199.88
103795,2198.514
103796,2173.022
103797,2115.728
103798,2113.2522
103799,2071.9521
103800,1939.1648
103801,1676.0598
103802,1554.748
103803,1472.6149
103804,1438.4958
103805,1387.0626
103806,1391.2766
103807,1444.8737
103808,1599.2393
103809,1640.078
103810,1725.1996
103811,1797.281
103812,1865.999
103813,1976.2362
103814,2055.1257
103815,2099.0012
103816,2132.4307
103817,2127.0962
103818,2137.5515
103819,2139.5645
103820,2099.6938
103821,2060.8044
103822,2059.93
103823,2016.3735
103824,1888.3365
103825,1645.8585
103826,1537.6279
103827,1432.7402
103828,1398.6544
103829,1348.8276
103830,1349.8558
103831,1383.4353
103832,1525.7723
103833,1568.1136
103834,1644.0247
103835,1727.9138
103836,1807.893
103837,1911.3619
103838,1997.9562
103839,2046.7781
103840,2070.3076
103841,2063.459
103842,2070.829
103843,2064.0159
103844,2030.1544
103845,1981.3835
103846,1976.9757
103847,1915.4469
103848,1798.4332
103849,1511.9116
103850,1429.8774
103851,1346.155
103852,1299.7358
103853,1242.5719
103854,1234.4215
103855,1244.1938
103856,1276.4369
103857,1319.3755
103858,1429.7405
103859,1531.1277
103860,1594.152
103861,1704.1628
103862,1788.1768
103863,1837.4396
103864,1860.3124
103865,1862.4552
103866,1873.2225
103867,1880.807
103868,1854.2784
103869,1806.4729
103870,1799.2662
103871,1734.0154
103872,1663.5552
103873,1514.1351
103874,1411.241
103875,1341.8395
103876,1292.9497
103877,1235.4248
103878,1244.3541
103879,1247.5868
103880,1265.979
103881,1320.7612
103882,1429.0157
103883,1520.0175
103884,1587.566
103885,1687.3518
103886,1813.7162
103887,1896.9027
103888,1932.7493
103889,1934.8815
103890,1947.4108
103891,1950.9557
103892,1929.558
103893,1887.3234
103894,1870.664
103895,1814.2609
103896,1772.6638
103897,1762.2428
103898,1624.789
103899,1545.6013
103900,1512.094
103901,1460.3829
103902,1465.4899
103903,1538.9275
103904,1684.6595
103905,1715.8707
103906,1796.7491
103907,1875.5033
103908,1977.4681
103909,2074.9329
103910,2201.2864
103911,2274.6082
103912,2316.4333
103913,2327.0024
103914,2311.199
103915,2307.5032
103916,2266.6204
103917,2223.2695
103918,2213.1604
103919,2162.5576
103920,2035.8407
103921,1826.8497
103922,1709.325
103923,1617.003
103924,1578.5844
103925,1531.9392
103926,1541.36
103927,1606.2612
103928,1736.6677
103929,1772.6368
103930,1844.8667
103931,1930.477
103932,2024.3678
103933,2118.9773
103934,2249.6958
103935,2307.5254
103936,2350.9773
103937,2349.6897
103938,2351.0999
103939,2347.4065
103940,2299.796
103941,2256.2522
103942,2246.22
103943,2210.1775
103944,2080.1682
103945,1781.3896
103946,1660.7544
103947,1567.8868
103948,1529.3176
103949,1476.3987
103950,1485.7281
103951,1554.3721
103952,1683.027
103953,1718.2914
103954,1796.5173
103955,1875.9491
103956,1977.0575
103957,2080.4468
103958,2197.069
103959,2242.1284
103960,2286.9924
103961,2284.6843
103962,2278.9082
103963,2276.0876
103964,2234.4736
103965,2190.4878
103966,2178.25
103967,2144.6926
103968,2016.7872
103969,1822.1011
103970,1703.788
103971,1616.7986
103972,1581.3613
103973,1525.8738
103974,1533.5914
103975,1610.141
103976,1734.7367
103977,1767.1078
103978,1853.7852
103979,1924.2628
103980,2022.6667
103981,2126.927
103982,2243.9182
103983,2293.0535
103984,2341.7056
103985,2346.5444
103986,2336.2732
103987,2348.1233
103988,2296.8328
103989,2256.5266
103990,2246.7886
103991,2210.9885
103992,2077.629
103993,1838.7632
103994,1727.1033
103995,1619.6251
103996,1594.3534
103997,1550.3583
103998,1553.4672
103999,1587.6951
104000,1716.0259
104001,1755.0387
104002,1834.605
104003,1915.1455
104004,2007.342
104005,2110.3347
104006,2241.7192
104007,2285.3967
104008,2329.2722
104009,2317.1255
104010,2306.3298
104011,2310.9111
104012,2250.7456
104013,2212.2046
104014,2194.3564
104015,2167.2568
104016,2034.0414
104017,1718.4835
104018,1628.8124
104019,1543.616
104020,1521.351
104021,1470.8351
104022,1470.9478
104023,1478.7914
104024,1498.8044
104025,1551.4855
104026,1651.0596
104027,1758.2524
104028,1830.3853
104029,1929.115
104030,2049.6448
104031,2089.0999
104032,2130.2007
104033,2131.478
104034,2136.8093
104035,2153.7476
104036,2109.9893
104037,2063.8682
104038,2045.6467
104039,1999.4518
104040,1925.616
104041,1616.5579
104042,1531.9932
104043,1449.525
104044,1417.9924
104045,1370.2576
104046,1351.7727
104047,1383.0223
104048,1381.8573
104049,1446.7067
104050,1550.6149
104051,1646.9696
104052,1705.1498
104053,1811.4174
104054,1897.4254
104055,1977.5645
104056,2017.4612
104057,2029.0912
104058,2041.0013
104059,2051.4722
104060,2023.2476
104061,1967.8567
104062,1967.7719
104063,1908.6644
104064,1839.2638
104065,1698.3031
104066,1587.786
104067,1509.058
104068,1469.4873
104069,1419.8151
104070,1417.8762
104071,1509.6239
104072,1636.7736
104073,1681.7178
104074,1756.8336
104075,1836.335
104076,1930.7559
104077,2033.3754
104078,2112.7756
104079,2182.6445
104080,2232.0203
104081,2239.469
104082,2240.1038
104083,2230.8074
104084,2186.3171
104085,2129.437
104086,2127.1895
104087,2085.397
104088,1939.0557
104089,1674.047
104090,1574.4995
104091,1487.8403
104092,1452.9
104093,1402.7084
104094,1398.9153
104095,1481.6454
104096,1590.7065
104097,1637.8081
104098,1712.6631
104099,1793.8174
104100,1882.6024
104101,1984.1721
104102,2068.8586
104103,2138.6023
104104,2188.5137
104105,2186.0254
104106,2197.54
104107,2186.6653
104108,2147.4949
104109,2091.3625
104110,2091.0474
104111,2059.5754
104112,1904.5503
104113,1625.7073
104114,1527.9978
104115,1446.8722
104116,1407.6022
104117,1363.6096
104118,1359.5317
104119,1441.4814
104120,1558.8226
104121,1601.2921
104122,1680.3569
104123,1754.5597
104124,1835.5613
104125,1943.4767
104126,2024.6782
104127,2073.3289
104128,2123.2014
104129,2133.1033
104130,2137.0647
104131,2121.7686
104132,2080.8533
104133,2035.0686
104134,2035.6514
104135,1994.3717
104136,1855.2675
104137,1663.083
104138,1556.4661
104139,1479.9463
104140,1439.3752
104141,1395.4105
104142,1392.2513
104143,1478.2229
104144,1588.8329
104145,1633.1051
104146,1720.5907
104147,1786.0841
104148,1877.5985
104149,1979.4092
104150,2060.1594
104151,2117.746
104152,2165.717
104153,2171.387
104154,2160.6633
104155,2157.7766
104156,2116.878
104157,2069.239
104158,2072.425
104159,2026.519
104160,1884.5654
104161,1732.5133
104162,1627.8007
104163,1527.2046
104164,1499.117
104165,1464.1399
104166,1452.5995
104167,1502.1431
104168,1618.7916
104169,1667.9677
104170,1755.7311
104171,1826.7155
104172,1906.9037
104173,2016.8608
104174,2102.463
104175,2154.4285
104176,2195.5225
104177,2199.3325
104178,2192.5552
104179,2180.007
104180,2136.0876
104181,2090.411
104182,2088.1106
104183,2033.6921
104184,1904.694
104185,1562.1864
104186,1481.5697
104187,1407.9014
104188,1385.4688
104189,1334.5736
104190,1316.3188
104191,1339.6412
104192,1346.7535
104193,1400.9323
104194,1512.4971
104195,1611.7086
104196,1671.4225
104197,1776.4061
104198,1856.648
104199,1905.3876
104200,1942.5343
104201,1946.1296
104202,1964.6377
104203,1966.5591
104204,1934.915
104205,1888.2537
104206,1890.6353
104207,1820.9103
104208,1738.105
104209,1471.6207
104210,1417.6881
104211,1343.7609
104212,1312.5994
104213,1277.0729
104214,1274.27
104215,1288.9265
104216,1277.7194
104217,1344.9377
104218,1412.3629
104219,1489.0198
104220,1521.4386
104221,1611.4921
104222,1718.1395
104223,1782.3804
104224,1794.2151
104225,1793.756
104226,1790.5471
104227,1842.3544
104228,1809.9991
104229,1788.5428
104230,1792.6134
104231,1745.2042
104232,1658.0603
104233,1487.7611
104234,1398.8856
104235,1322.5134
104236,1294.5717
104237,1265.656
104238,1281.4186
104239,1337.1057
104240,1458.9445
104241,1519.3394
104242,1571.9854
104243,1635.2545
104244,1720.7505
104245,1802.3049
104246,1882.8389
104247,1924.1381
104248,1947.3508
104249,1939.2217
104250,1938.3564
104251,1956.1085
104252,1940.8053
104253,1901.6295
104254,1908.1786
104255,1857.3175
104256,1736.19
104257,1507.7118
104258,1418.8585
104259,1331.8441
104260,1306.6669
104261,1280.1179
104262,1299.1094
104263,1351.1844
104264,1474.2539
104265,1531.0205
104266,1582.7167
104267,1634.6259
104268,1708.1537
104269,1793.733
104270,1869.9299
104271,1913.9631
104272,1944.1237
104273,1924.6381
104274,1925.3551
104275,1961.8176
104276,1946.2579
104277,1893.9625
104278,1901.8239
104279,1847.3329
104280,1716.3206
104281,1544.4569
104282,1458.8497
104283,1377.3395
104284,1346.8773
104285,1306.0925
104286,1323.3519
104287,1381.6925
104288,1511.1622
104289,1566.1481
104290,1604.8704
104291,1677.3721
104292,1748.2118
104293,1832.0354
104294,1910.9812
104295,1940.803
104296,1972.6465
104297,1957.5931
104298,1964.0153
104299,1995.9462
104300,1974.4785
104301,1929.0156
104302,1929.7158
104303,1875.072
104304,1752.0669
104305,1525.5817
104306,1432.0115
104307,1350.3154
104308,1325.7988
104309,1291.5726
104310,1309.8215
104311,1368.0944
104312,1494.0585
104313,1547.986
104314,1593.2559
104315,1654.272
104316,1730.5825
104317,1812.3999
104318,1885.246
104319,1911.6372
104320,1943.1571
104321,1934.8811
104322,1926.8569
104323,1948.7133
104324,1922.2391
104325,1891.1423
104326,1892.9093
104327,1851.4298
104328,1724.7803
104329,1544.1442
104330,1458.6481
104331,1362.2815
104332,1340.1948
104333,1307.0104
104334,1322.98
104335,1347.2948
104336,1480.2283
104337,1534.0221
104338,1575.3531
104339,1640.7548
104340,1710.1464
104341,1790.6711
104342,1864.7804
104343,1893.8969
104344,1916.295
104345,1903.7833
104346,1902.752
104347,1905.6819
104348,1880.8694
104349,1844.1312
104350,1842.5988
104351,1788.2695
104352,1678.4534
104353,1488.8252
104354,1437.6384
104355,1344.6061
104356,1323.1411
104357,1281.1885
104358,1266.8983
104359,1282.4823
104360,1286.934
104361,1339.3925
104362,1410.7539
104363,1503.5157
104364,1559.4608
104365,1646.8728
104366,1736.7375
104367,1768.2537
104368,1785.3763
104369,1783.8114
104370,1778.3656
104371,1807.6825
104372,1781.4938
104373,1747.4834
104374,1745.9583
104375,1687.3567
104376,1603.7866
104377,1530.0513
104378,1387.8605
104379,1334.0262
104380,1313.3177
104381,1284.282
104382,1273.6006
104383,1276.7047
104384,1306.1433
104385,1304.4572
104386,1404.718
104387,1467.9825
104388,1528.2385
104389,1615.7114
104390,1690.8007
104391,1763.2279
104392,1777.0809
104393,1804.762
104394,1811.5261
104395,1814.111
104396,1810.5566
104397,1783.837
104398,1767.4512
104399,1745.9622
104400,1674.3395
104401,1508.2065
104402,1323.0991
104403,1268.5674
104404,1239.0626
104405,1221.8044
104406,1218.7571
104407,1276.9359
104408,1448.3105
104409,1440.5334
104410,1518.0413
104411,1573.0762
104412,1669.1895
104413,1756.844
104414,1826.6973
104415,1869.538
104416,1901.7985
104417,1917.9324
104418,1912.8007
104419,1897.5043
104420,1879.6005
104421,1858.4257
104422,1846.2543
104423,1825.9557
104424,1687.7085
104425,1537.6393
104426,1355.002
104427,1291.8767
104428,1267.9344
104429,1248.6093
104430,1239.603
104431,1297.8921
104432,1470.8126
104433,1452.1198
104434,1531.1261
104435,1582.7263
104436,1668.8181
104437,1755.1566
104438,1826.8007
104439,1866.983
104440,1903.5588
104441,1912.4052
104442,1908.9211
104443,1895.6439
104444,1890.3406
104445,1855.7057
104446,1847.9683
104447,1834.3165
104448,1699.907
104449,1600.8698
104450,1408.796
104451,1349.3992
104452,1324.9147
104453,1305.1755
104454,1294.6832
104455,1351.5365
104456,1519.602
104457,1510.0046
104458,1583.6582
104459,1634.4934
104460,1728.8052
104461,1808.8123
104462,1877.319
104463,1923.2941
104464,1950.1127
104465,1958.1055
104466,1961.6473
104467,1943.7162
104468,1927.0054
104469,1902.5746
104470,1886.478
104471,1878.198
104472,1737.4531
104473,1519.3755
104474,1342.3082
104475,1286.2792
104476,1250.9619
104477,1226.0729
104478,1225.369
104479,1277.1013
104480,1451.0974
104481,1436.7327
104482,1510.5034
104483,1561.952
104484,1657.0797
104485,1742.5331
104486,1812.2155
104487,1847.0123
104488,1881.2521
104489,1881.195
104490,1886.8469
104491,1867.9846
104492,1851.7444
104493,1827.7582
104494,1806.7324
104495,1790.7307
104496,1663.3475
104497,1495.4039
104498,1391.2281
104499,1317.8329
104500,1295.7202
104501,1287.2084
104502,1271.944
104503,1298.7642
104504,1504.7632
104505,1498.0974
104506,1570.1246
104507,1615.1213
104508,1646.6592
104509,1729.5258
104510,1803.9215
104511,1850.3622
104512,1875.3032
104513,1884.6885
104514,1883.562
104515,1854.1106
104516,1828.6068
104517,1810.2457
104518,1807.4258
104519,1778.9459
104520,1679.0826
104521,1500.9899
104522,1391.9092
104523,1332.935
104524,1309.9164
104525,1295.8523
104526,1282.293
104527,1280.9097
104528,1373.6926
104529,1371.0112
104530,1470.1956
104531,1543.7593
104532,1582.3608
104533,1662.9568
104534,1730.8403
104535,1778.1255
104536,1788.4791
104537,1793.62
104538,1807.854
104539,1807.2589
104540,1800.9757
104541,1767.1034
104542,1767.0624
104543,1721.919
104544,1623.2501
104545,1279.8566
104546,1165.0493
104547,1122.9866
104548,1095.9385
104549,1049.8385
104550,1070.7943
104551,1087.3534
104552,1152.9844
104553,1170.9349
104554,1219.9467
104555,1292.4421
104556,1324.3629
104557,1399.1116
104558,1454.9268
104559,1547.9069
104560,1531.7427
104561,1569.8246
104562,1567.355
104563,1576.766
104564,1569.2477
104565,1549.3651
104566,1574.6991
104567,1508.6228
104568,1413.4279
104569,1417.6202
104570,1307.4218
104571,1265.7351
104572,1246.248
104573,1206.8945
104574,1217.8724
104575,1291.4558
104576,1490.2087
104577,1510.3645
104578,1533.9061
104579,1608.5809
104580,1639.7114
104581,1701.2814
104582,1774.1733
104583,1844.3202
104584,1841.4209
104585,1866.6813
104586,1852.2556
104587,1856.4852
104588,1833.3854
104589,1801.6361
104590,1823.3735
104591,1766.8733
104592,1648.4698
104593,1436.9379
104594,1331.1615
104595,1287.3433
104596,1263.0057
104597,1217.2465
104598,1233.1302
104599,1299.7654
104600,1502.2435
104601,1506.9263
104602,1528.2734
104603,1596.0284
104604,1621.9227
104605,1688.5703
104606,1758.3136
104607,1832.3926
104608,1829.008
104609,1856.5323
104610,1853.6848
104611,1834.0096
104612,1814.9282
104613,1787.1111
104614,1806.4304
104615,1761.5906
104616,1645.1085
104617,1512.8647
104618,1407.6647
104619,1358.9434
104620,1330.8894
104621,1291.2593
104622,1299.6825
104623,1362.5487
104624,1558.4489
104625,1569.7177
104626,1593.2067
104627,1667.5928
104628,1690.5342
104629,1763.6841
104630,1823.3033
104631,1888.6245
104632,1891.2015
104633,1908.583
104634,1906.9653
104635,1878.4108
104636,1873.4098
104637,1837.3334
104638,1849.4862
104639,1824.1421
104640,1710.5164
104641,1530.1719
104642,1427.0985
104643,1380.6482
104644,1356.4653
104645,1316.2798
104646,1318.5177
104647,1386.6936
104648,1598.5955
104649,1605.4635
104650,1621.3799
104651,1692.8112
104652,1713.7296
104653,1788.2654
104654,1843.4895
104655,1915.8007
104656,1919.6248
104657,1940.918
104658,1932.312
104659,1908.6218
104660,1892.8654
104661,1856.5287
104662,1871.1371
104663,1833.2753
104664,1717.6768
104665,1567.7428
104666,1460.828
104667,1388.6685
104668,1378.5417
104669,1346.0759
104670,1346.3418
104671,1384.44
104672,1593.5336
104673,1602.6656
104674,1620.3263
104675,1696.0876
104676,1716.3413
104677,1782.5564
104678,1851.0596
104679,1897.2611
104680,1903.5712
104681,1923.5569
104682,1909.696
104683,1885.6594
104684,1864.983
104685,1832.246
104686,1848.8438
104687,1815.1016
104688,1704.1875
104689,1450.4164
104690,1342.7383
104691,1282.7452
104692,1268.8628
104693,1228.7286
104694,1234.7412
104695,1251.1829
104696,1347.793
104697,1355.7083
104698,1398.5848
104699,1498.6935
104700,1526.413
104701,1607.3092
104702,1660.4114
104703,1720.1385
104704,1701.2626
104705,1724.9188
104706,1733.0527
104707,1724.202
104708,1707.5723
104709,1680.2131
104710,1696.6338
104711,1644.5803
104712,1522.5919
104713,1439.0387
104714,1346.2034
104715,1310.8113
104716,1263.1649
104717,1223.4525
104718,1225.9508
104719,1241.1771
104720,1317.5333
104721,1317.8356
104722,1358.7552
104723,1432.1694
104724,1480.2544
104725,1547.932
104726,1625.6128
104727,1679.2393
104728,1703.2405
104729,1722.3959
104730,1720.3464
104731,1738.3905
104732,1726.5148
104733,1709.9674
104734,1722.2009
104735,1654.9594
104736,1534.7343
104737,1463.4513
104738,1371.1693
104739,1334.9005
104740,1300.1917
104741,1264.9077
104742,1259.3853
104743,1348.6317
104744,1542.4459
104745,1567.9718
104746,1589.5085
104747,1632.6781
104748,1669.5192
104749,1744.7856
104750,1828.5721
104751,1884.691
104752,1922.0754
104753,1923.4335
104754,1922.4149
104755,1917.0405
104756,1876.1613
104757,1859.146
104758,1864.929
104759,1810.698
104760,1676.5942
104761,1479.6896
104762,1387.5667
104763,1348.3063
104764,1309.1499
104765,1267.952
104766,1258.5902
104767,1337.0176
104768,1548.3844
104769,1557.8303
104770,1571.6064
104771,1621.7258
104772,1652.9113
104773,1720.0387
104774,1807.3639
104775,1859.3268
104776,1899.4762
104777,1902.2601
104778,1909.3448
104779,1878.8198
104780,1856.0804
104781,1830.2958
104782,1842.6829
104783,1786.7501
104784,1669.7737
104785,1548.2477
104786,1455.9624
104787,1417.6101
104788,1380.8062
104789,1335.8857
104790,1332.9373
104791,1416.0583
104792,1611.9882
104793,1625.6621
104794,1639.3555
104795,1689.0385
104796,1731.0325
104797,1785.9034
104798,1875.9298
104799,1914.7228
104800,1948.4274
104801,1955.0204
104802,1959.7319
104803,1937.7482
104804,1915.5233
104805,1888.8568
104806,1896.9149
104807,1844.0751
104808,1723.4025
104809,1420.2156
104810,1321.602
104811,1272.0739
104812,1241.0851
104813,1207.5225
104814,1209.0259
104815,1283.576
104816,1494.9414
104817,1506.2524
104818,1522.1151
104819,1562.8329
104820,1597.645
104821,1669.5382
104822,1753.2643
104823,1759.6688
104824,1785.5538
104825,1796.2568
104826,1802.4177
104827,1788.9666
104828,1745.4714
104829,1738.7468
104830,1752.2561
104831,1700.898
104832,1577.2645
104833,1380.6775
104834,1278.5474
104835,1207.0851
104836,1187.3328
104837,1165.2948
104838,1153.9563
104839,1193.4966
104840,1409.6289
104841,1424.8967
104842,1443.4075
104843,1480.5863
104844,1517.3406
104845,1589.5325
104846,1677.9985
104847,1679.3281
104848,1707.938
104849,1713.2655
104850,1715.2203
104851,1691.6654
104852,1648.2917
104853,1638.406
104854,1656.5253
104855,1604.536
104856,1486.797
104857,1323.6522
104858,1224.6218
104859,1165.535
104860,1148.8954
104861,1127.2677
104862,1117.7826
104863,1122.3177
104864,1219.6301
104865,1231.8948
104866,1272.9587
104867,1333.2463
104868,1370.1442
104869,1457.7666
104870,1520.0743
104871,1530.8547
104872,1548.87
104873,1562.9503
104874,1572.7224
104875,1559.0002
104876,1539.4645
104877,1549.2548
104878,1559.337
104879,1485.507
104880,1388.26
104881,1357.2733
104882,1239.1857
104883,1187.0414
104884,1164.4167
104885,1144.9102
104886,1142.2577
104887,1142.1597
104888,1230.5062
104889,1241.7476
104890,1285.6969
104891,1350.0907
104892,1396.2643
104893,1462.413
104894,1540.5894
104895,1558.2408
104896,1549.1288
104897,1566.6001
104898,1574.4272
104899,1600.9265
104900,1595.4479
104901,1598.6864
104902,1603.3813
104903,1565.4952
104904,1448.8922
104905,1413.1953
104906,1301.9453
104907,1247.88
104908,1220.195
104909,1201.2727
104910,1207.5895
104911,1295.2828
104912,1499.2174
104913,1529.2198
104914,1551.1112
104915,1591.7212
104916,1621.4559
104917,1694.5024
104918,1768.4249
104919,1793.5736
104920,1799.6322
104921,1815.3937
104922,1802.9208
104923,1808.4708
104924,1775.979
104925,1785.3488
104926,1775.2347
104927,1747.2999
104928,1609.9739
104929,1520.2678
104930,1400.428
104931,1351.0669
104932,1333.0243
104933,1309.7216
104934,1312.0101
104935,1387.6615
104936,1604.2981
104937,1617.8428
104938,1629.4586
104939,1680.8395
104940,1695.3647
104941,1757.1469
104942,1843.0336
104943,1870.103
104944,1874.8481
104945,1883.0593
104946,1883.3726
104947,1883.338
104948,1860.4917
104949,1867.5837
104950,1860.0778
104951,1830.9261
104952,1701.6095
104953,1547.6985
104954,1435.0944
104955,1376.0996
104956,1360.323
104957,1340.803
104958,1339.8896
104959,1416.6252
104960,1626.7833
104961,1648.7572
104962,1658.5559
104963,1699.3566
104964,1717.0487
104965,1777.7899
104966,1859.9395
104967,1882.7222
104968,1884.5857
104969,1896.1508
104970,1899.1742
104971,1899.8744
104972,1874.5996
104973,1880.999
104974,1873.6865
104975,1854.604
104976,1706.7311
104977,1591.0458
104978,1470.324
104979,1420.3916
104980,1395.8712
104981,1376.3563
104982,1382.3201
104983,1449.3672
104984,1667.3381
104985,1681.187
104986,1703.8202
104987,1740.1418
104988,1765.5801
104989,1827.6593
104990,1908.1954
104991,1919.7908
104992,1926.6196
104993,1938.1503
104994,1933.1039
104995,1934.5062
104996,1899.4069
104997,1909.5054
104998,1903.2123
104999,1878.8785
105000,1747.9056
105001,1563.1493
105002,1455.9606
105003,1373.9252
105004,1353.763
105005,1343.9165
105006,1341.0411
105007,1395.4843
105008,1595.837
105009,1618.2405
105010,1633.3442
105011,1673.0795
105012,1703.9374
105013,1767.9917
105014,1847.523
105015,1869.4736
105016,1876.3829
105017,1888.6345
105018,1875.8154
105019,1861.3926
105020,1841.9282
105021,1846.1609
105022,1838.9789
105023,1799.5486
105024,1672.8564
105025,1388.8181
105026,1275.224
105027,1211.8057
105028,1199.2167
105029,1168.1893
105030,1164.2177
105031,1168.6255
105032,1263.5681
105033,1274.6938
105034,1319.7021
105035,1389.4187
105036,1437.6661
105037,1510.7709
105038,1578.2461
105039,1604.8596
105040,1600.0426
105041,1608.6608
105042,1619.7596
105043,1629.8031
105044,1626.9899
105045,1619.4794
105046,1622.9432
105047,1565.7174
105048,1471.5194
105049,1292.4158
105050,1175.7407
105051,1143.7178
105052,1090.1532
105053,1062.6981
105054,1076.945
105055,1106.5189
105056,1201.821
105057,1200.3243
105058,1231.4324
105059,1320.9314
105060,1350.319
105061,1408.6979
105062,1485.8927
105063,1515.9346
105064,1502.843
105065,1514.9625
105066,1518.8447
105067,1535.6139
105068,1543.4591
105069,1532.8766
105070,1569.7325
105071,1524.1226
105072,1381.0709
105073,1290.5784
105074,1183.4418
105075,1156.2993
105076,1119.9084
105077,1102.2826
105078,1127.019
105079,1228.5554
105080,1434.7976
105081,1458.6924
105082,1463.7622
105083,1518.2108
105084,1547.9182
105085,1603.5609
105086,1656.1055
105087,1697.867
105088,1695.2572
105089,1693.4523
105090,1717.4263
105091,1718.0145
105092,1684.8887
105093,1683.9865
105094,1709.6552
105095,1645.4169
105096,1500.1566
105097,1374.4954
105098,1260.2311
105099,1235.2256
105100,1200.3824
105101,1182.956
105102,1212.6329
105103,1293.7909
105104,1511.1523
105105,1522.3124
105106,1530.8458
105107,1574.118
105108,1595.185
105109,1647.633
105110,1703.147
105111,1744.9084
105112,1745.6987
105113,1742.9036
105114,1763.8213
105115,1772.4087
105116,1745.8329
105117,1733.6664
105118,1757.6761
105119,1695.8447
105120,1553.3489
105121,1337.9908
105122,1232.8274
105123,1204.5018
105124,1168.5245
105125,1152.1083
105126,1174.1621
105127,1261.6404
105128,1475.3046
105129,1492.1588
105130,1489.072
105131,1548.8905
105132,1551.9928
105133,1611.8221
105134,1664.724
105135,1684.8014
105136,1695.3005
105137,1689.2516
105138,1704.5497
105139,1709.1683
105140,1683.2837
105141,1676.9955
105142,1695.2039
105143,1648.9836
105144,1508.2714
105145,1359.9633
105146,1246.4551
105147,1219.98
105148,1197.1991
105149,1174.561
105150,1201.4209
105151,1287.9019
105152,1516.0771
105153,1522.6663
105154,1531.8535
105155,1573.5073
105156,1577.7286
105157,1642.7041
105158,1691.4276
105159,1702.9923
105160,1715.3502
105161,1713.8746
105162,1731.293
105163,1747.8507
105164,1714.3428
105165,1714.9075
105166,1732.3789
105167,1667.1173
105168,1531.561
105169,1369.3699
105170,1255.1443
105171,1212.6516
105172,1180.7416
105173,1176.0414
105174,1190.1161
105175,1251.1519
105176,1465.0875
105177,1476.3148
105178,1489.4872
105179,1532.9717
105180,1552.8661
105181,1604.6947
105182,1667.5443
105183,1682.8138
105184,1689.105
105185,1668.2628
105186,1681.9591
105187,1679.6815
105188,1660.9976
105189,1652.1947
105190,1680.3363
105191,1603.2084
105192,1487.0754
105193,1346.808
105194,1262.5403
105195,1206.5216
105196,1169.6621
105197,1147.7759
105198,1154.67
105199,1163.0217
105200,1245.9479
105201,1266.9165
105202,1299.5032
105203,1363.5496
105204,1382.3992
105205,1405.3446
105206,1466.4989
105207,1456.5818
105208,1442.8063
105209,1455.399
105210,1447.3292
105211,1445.4547
105212,1473.457
105213,1475.8254
105214,1502.6251
105215,1481.147
105216,1402.7125
105217,1361.8022
105218,1287.3976
105219,1241.6935
105220,1194.2136
105221,1167.2606
105222,1177.7471
105223,1195.8546
105224,1263.989
105225,1276.0381
105226,1320.5048
105227,1375.8131
105228,1411.1774
105229,1429.683
105230,1490.6832
105231,1473.0233
105232,1473.7291
105233,1484.3331
105234,1467.92
105235,1496.4862
105236,1541.6539
105237,1529.4313
105238,1566.9191
105239,1550.9448
105240,1455.4392
105241,1414.6862
105242,1340.7657
105243,1285.2081
105244,1258.9177
105245,1250.3602
105246,1258.2085
105247,1369.952
105248,1549.1317
105249,1576.9413
105250,1601.7019
105251,1623.7552
105252,1650.2733
105253,1673.8134
105254,1718.9078
105255,1699.8857
105256,1708.7524
105257,1717.9976
105258,1704.3265
105259,1700.5979
105260,1703.1947
105261,1714.0885
105262,1729.1311
105263,1707.0114
105264,1610.4343
105265,1444.127
105266,1371.3868
105267,1313.5162
105268,1294.4844
105269,1283.8605
105270,1295.0569
105271,1384.4072
105272,1571.7593
105273,1596.2509
105274,1601.3809
105275,1644.8901
105276,1653.292
105277,1666.0876
105278,1725.7712
105279,1713.769
105280,1711.8186
105281,1717.1548
105282,1709.4055
105283,1701.6307
105284,1717.065
105285,1718.715
105286,1741.3357
105287,1717.717
105288,1623.2408
105289,1436.5411
105290,1356.4945
105291,1290.4092
105292,1271.7032
105293,1249.8495
105294,1268.8586
105295,1360.4525
105296,1543.9677
105297,1569.1464
105298,1583.1014
105299,1612.1537
105300,1635.7734
105301,1648.8193
105302,1695.8628
105303,1681.319
105304,1688.1726
105305,1689.6752
105306,1677.8901
105307,1668.3779
105308,1683.4651
105309,1687.9352
105310,1704.5042
105311,1690.5773
105312,1583.2357
105313,1459.7487
105314,1382.0632
105315,1317.4406
105316,1295.7855
105317,1275.0017
105318,1290.6608
105319,1378.425
105320,1566.9586
105321,1590.4589
105322,1608.4347
105323,1637.4504
105324,1656.8146
105325,1669.584
105326,1720.9647
105327,1701.9816
105328,1704.3448
105329,1712.0043
105330,1703.9045
105331,1696.1984
105332,1706.3481
105333,1707.8047
105334,1723.3435
105335,1707.5957
105336,1610.5286
105337,1449.1826
105338,1383.0851
105339,1296.0166
105340,1278.0715
105341,1258.6763
105342,1267.0675
105343,1328.8947
105344,1513.9426
105345,1541.2675
105346,1548.1377
105347,1580.4108
105348,1606.2603
105349,1633.7507
105350,1678.8646
105351,1656.8866
105352,1675.3945
105353,1657.8661
105354,1648.6998
105355,1621.6326
105356,1636.0132
105357,1641.9015
105358,1661.447
105359,1634.1703
105360,1548.753
105361,1388.0387
105362,1312.7983
105363,1237.0483
105364,1208.2941
105365,1183.2697
105366,1184.9203
105367,1209.5753
105368,1279.4297
105369,1307.0134
105370,1336.9011
105371,1398.9724
105372,1434.9453
105373,1453.5029
105374,1512.1504
105375,1499.4176
105376,1496.3022
105377,1495.9335
105378,1490.0969
105379,1481.1298
105380,1522.183
105381,1516.6553
105382,1541.7465
105383,1511.9651
105384,1434.2426
105385,1371.0164
105386,1286.8716
105387,1249.1826
105388,1225.1116
105389,1206.4681
105390,1202.5315
105391,1207.6324
105392,1281.4841
105393,1287.383
105394,1328.8824
105395,1373.5951
105396,1409.1228
105397,1436.893
105398,1494.6877
105399,1479.7952
105400,1442.2687
105401,1455.6558
105402,1438.4487
105403,1480.6448
105404,1520.8329
105405,1525.0724
105406,1559.111
105407,1548.2695
105408,1452.8702
105409,1409.7905
105410,1330.7208
105411,1293.5544
105412,1266.1118
105413,1258.5432
105414,1286.0499
105415,1382.5935
105416,1564.2556
105417,1595.8616
105418,1613.6287
105419,1626.6212
105420,1652.2251
105421,1680.005
105422,1704.5217
105423,1697.6743
105424,1682.6473
105425,1698.5554
105426,1671.9474
105427,1694.1597
105428,1701.5764
105429,1716.2275
105430,1732.5575
105431,1709.8551
105432,1595.9161
105433,1466.6404
105434,1375.5057
105435,1324.3081
105436,1314.4546
105437,1305.8424
105438,1333.595
105439,1410.2477
105440,1600.5714
105441,1623.8551
105442,1636.9276
105443,1661.0029
105444,1671.905
105445,1695.3119
105446,1728.1478
105447,1719.6267
105448,1701.1254
105449,1707.4236
105450,1695.2942
105451,1702.8204
105452,1720.4158
105453,1727.2546
105454,1749.6257
105455,1736.8354
105456,1622.2632
105457,1476.9745
105458,1388.4294
105459,1331.9688
105460,1322.4246
105461,1307.431
105462,1323.6415
105463,1403.0624
105464,1592.7408
105465,1622.3345
105466,1632.723
105467,1655.5725
105468,1672.9362
105469,1684.6158
105470,1725.8223
105471,1717.6692
105472,1697.3593
105473,1708.4956
105474,1693.7579
105475,1697.7489
105476,1709.2238
105477,1716.926
105478,1735.3837
105479,1727.1284
105480,1623.2987
105481,1475.2363
105482,1395.5933
105483,1348.8422
105484,1335.6215
105485,1313.1823
105486,1331.4696
105487,1415.0333
105488,1610.294
105489,1629.1536
105490,1643.9956
105491,1663.9036
105492,1685.4812
105493,1694.2788
105494,1734.5349
105495,1725.4768
105496,1708.0507
105497,1718.0908
105498,1705.5652
105499,1706.6306
105500,1716.983
105501,1728.3364
105502,1745.4939
105503,1728.5466
105504,1631.3186
105505,1497.4625
105506,1416.2039
105507,1348.5223
105508,1336.5873
105509,1317.6198
105510,1341.0242
105511,1396.7167
105512,1577.3456
105513,1601.736
105514,1615.8202
105515,1634.8401
105516,1659.6492
105517,1674.6713
105518,1716.1927
105519,1705.9099
105520,1680.5928
105521,1690.821
105522,1668.9078
105523,1671.0736
105524,1684.7542
105525,1691.8192
105526,1711.7308
105527,1684.863
105528,1593.0143
105529,1427.089
105530,1334.9103
105531,1275.3457
105532,1258.3698
105533,1235.7471
105534,1233.3606
105535,1252.3948
105536,1324.8732
105537,1345.1849
105538,1393.3073
105539,1425.8296
105540,1463.8198
105541,1481.58
105542,1541.7788
105543,1533.7828
105544,1501.3578
105545,1517.8289
105546,1492.6327
105547,1506.9443
105548,1538.716
105549,1540.1565
105550,1566.8956
105551,1555.9633
105552,1467.2324
105553,1292.245
105554,1225.1018
105555,1203.3716
105556,1201.9777
105557,1192.136
105558,1177.3623
105559,1184.4098
105560,1269.0199
105561,1291.735
105562,1317.6608
105563,1369.411
105564,1382.6061
105565,1397.1758
105566,1434.6223
105567,1429.9944
105568,1379.4917
105569,1385.4146
105570,1373.832
105571,1439.7366
105572,1473.8601
105573,1535.2793
105574,1521.8629
105575,1510.821
105576,1425.9397
105577,1435.9742
105578,1370.3365
105579,1332.338
105580,1326.1858
105581,1318.491
105582,1343.0823
105583,1426.9304
105584,1633.2323
105585,1678.2494
105586,1683.6686
105587,1701.6544
105588,1717.586
105589,1720.9352
105590,1734.411
105591,1741.1171
105592,1706.4175
105593,1702.9672
105594,1702.3767
105595,1726.9327
105596,1742.9082
105597,1775.2628
105598,1766.6661
105599,1746.2374
105600,1640.7998
105601,1443.7062
105602,1361.8517
105603,1313.9806
105604,1308.3569
105605,1307.7672
105606,1324.9077
105607,1411.0157
105608,1606.7427
105609,1646.5619
105610,1654.9645
105611,1669.009
105612,1682.8815
105613,1681.4341
105614,1702.9086
105615,1703.9119
105616,1669.9497
105617,1662.4653
105618,1663.6222
105619,1692.9968
105620,1715.4064
105621,1740.9163
105622,1734.2991
105623,1710.4462
105624,1620.4604
105625,1425.9028
105626,1353.3188
105627,1311.3196
105628,1300.0217
105629,1293.3004
105630,1304.2114
105631,1383.5133
105632,1582.3362
105633,1621.8281
105634,1622.6538
105635,1657.6499
105636,1663.221
105637,1660.3505
105638,1690.9845
105639,1688.1595
105640,1647.1542
105641,1639.6495
105642,1644.958
105643,1668.7267
105644,1696.3759
105645,1725.7363
105646,1714.8204
105647,1698.1938
105648,1612.2266
105649,1432.1991
105650,1357.3567
105651,1328.8903
105652,1316.2032
105653,1306.4856
105654,1327.6857
105655,1408.1746
105656,1610.8768
105657,1653.8395
105658,1653.4948
105659,1669.1833
105660,1677.6852
105661,1678.3066
105662,1697.8906
105663,1708.1669
105664,1675.5305
105665,1662.0277
105666,1661.1298
105667,1686.4231
105668,1705.5815
105669,1747.7458
105670,1733.0696
105671,1717.0387
105672,1618.2216
105673,1446.8998
105674,1370.4585
105675,1308.8673
105676,1307.248
105677,1299.1205
105678,1315.5814
105679,1365.3135
105680,1567.4353
105681,1598.7458
105682,1608.7689
105683,1631.84
105684,1644.6809
105685,1643.5303
105686,1672.0845
105687,1672.458
105688,1631.9309
105689,1617.0742
105690,1616.668
105691,1638.4158
105692,1656.9214
105693,1688.9879
105694,1681.8513
105695,1653.1115
105696,1569.9937
105697,1423.9216
105698,1347.3406
105699,1282.8075
105700,1285.445
105701,1273.0116
105702,1263.7709
105703,1285.7888
105704,1370.6034
105705,1407.2247
105706,1432.1243
105707,1482.0879
105708,1502.8584
105709,1506.3076
105710,1543.8534
105711,1548.9366
105712,1502.6713
105713,1497.4475
105714,1482.3378
105715,1533.5945
105716,1565.2227
105717,1605.0894
105718,1591.9385
105719,1575.0104
105720,1491.2584
105721,1342.5236
105722,1277.7155
105723,1240.0557
105724,1232.7655
105725,1220.6648
105726,1216.5957
105727,1241.078
105728,1334.0293
105729,1344.369
105730,1382.284
105731,1409.8938
105732,1413.6726
105733,1414.1129
105734,1455.1091
105735,1455.6263
105736,1409.2413
105737,1422.2568
105738,1411.6721
105739,1456.0319
105740,1524.5894
105741,1551.2561
105742,1554.0039
105743,1531.0886
105744,1463.856
105745,1387.1694
105746,1320.3651
105747,1264.5659
105748,1273.3357
105749,1277.184
105750,1285.0933
105751,1399.019
105752,1601.532
105753,1641.464
105754,1655.4001
105755,1655.8201
105756,1655.519
105757,1654.0735
105758,1675.3036
105759,1666.7958
105760,1632.715
105761,1647.2123
105762,1635.5176
105763,1652.3721
105764,1686.6211
105765,1717.2108
105766,1717.6211
105767,1686.8566
105768,1593.6046
105769,1452.4629
105770,1383.5035
105771,1325.4514
105772,1331.8385
105773,1329.0184
105774,1345.0704
105775,1452.3712
105776,1649.8726
105777,1673.474
105778,1683.0674
105779,1689.5038
105780,1685.5002
105781,1683.1924
105782,1704.1062
105783,1703.3221
105784,1668.9404
105785,1680.0344
105786,1680.9252
105787,1690.0815
105788,1728.2755
105789,1752.0067
105790,1756.5785
105791,1722.974
105792,1641.8428
105793,1457.0593
105794,1390.1598
105795,1334.5807
105796,1330.9292
105797,1322.9728
105798,1331.4203
105799,1437.1942
105800,1633.9412
105801,1662.2601
105802,1670.7739
105803,1680.3746
105804,1677.4319
105805,1676.0612
105806,1699.5265
105807,1694.1688
105808,1656.7023
105809,1666.4895
105810,1655.1086
105811,1665.3279
105812,1711.3707
105813,1736.6394
105814,1737.9652
105815,1703.6156
105816,1623.7308
105817,1459.8248
105818,1392.7
105819,1343.4158
105820,1346.4279
105821,1336.065
105822,1346.6827
105823,1447.5166
105824,1653.1166
105825,1682.4985
105826,1690.6063
105827,1694.4904
105828,1689.4467
105829,1689.0543
105830,1713.8953
105831,1697.5642
105832,1671.947
105833,1678.0397
105834,1670.9872
105835,1684.0562
105836,1720.1027
105837,1755.2761
105838,1752.6724
105839,1719.5791
105840,1644.848
105841,1454.2657
105842,1386.8611
105843,1311.8505
105844,1337.5436
105845,1331.852
105846,1337.3882
105847,1405.3125
105848,1616.505
105849,1635.9529
105850,1647.6752
105851,1653.2303
105852,1638.9414
105853,1647.3574
105854,1673.0424
105855,1648.1877
105856,1620.6576
105857,1622.8767
105858,1620.5565
105859,1615.3706
105860,1653.2522
105861,1692.686
105862,1695.1951
105863,1655.7277
105864,1580.3068
105865,1411.4409
105866,1335.5056
105867,1278.0227
105868,1286.6403
105869,1277.198
105870,1261.846
105871,1299.8582
105872,1395.1749
105873,1418.5067
105874,1457.0331
105875,1485.649
105876,1489.0692
105877,1487.1277
105878,1526.7628
105879,1508.5944
105880,1467.3823
105881,1484.3665
105882,1460.2789
105883,1475.4758
105884,1547.507
105885,1572.3053
105886,1583.8813
105887,1543.4657
105888,1497.7628
105889,1405.8649
105890,1347.1732
105891,1327.9418
105892,1284.7258
105893,1271.4521
105894,1272.7424
105895,1293.4694
105896,1381.7443
105897,1399.4457
105898,1416.5537
105899,1481.795
105900,1481.5443
105901,1475.3113
105902,1530.5603
105903,1522.1177
105904,1490.2367
105905,1514.2695
105906,1501.779
105907,1565.1841
105908,1626.8353
105909,1633.6497
105910,1633.0182
105911,1599.5801
105912,1517.7405
105913,1369.3679
105914,1316.6213
105915,1280.2039
105916,1247.7893
105917,1241.6163
105918,1263.0337
105919,1379.6246
105920,1568.6417
105921,1611.3947
105922,1603.1476
105923,1645.5023
105924,1655.2882
105925,1639.5106
105926,1682.3131
105927,1666.1025
105928,1646.1038
105929,1664.0225
105930,1658.9386
105931,1699.504
105932,1720.2375
105933,1717.0621
105934,1715.4952
105935,1670.2697
105936,1574.6815
105937,1490.417
105938,1422.0857
105939,1388.5043
105940,1368.47
105941,1361.953
105942,1388.6646
105943,1492.176
105944,1693.9296
105945,1731.2064
105946,1723.1245
105947,1729.0892
105948,1727.0881
105949,1721.0276
105950,1730.5422
105951,1716.8558
105952,1708.2743
105953,1702.5834
105954,1704.036
105955,1762.2377
105956,1801.0848
105957,1798.4653
105958,1792.9996
105959,1757.9457
105960,1664.0156
105961,1525.4231
105962,1462.1228
105963,1420.0996
105964,1395.218
105965,1382.4297
105966,1398.4692
105967,1514.0212
105968,1718.1982
105969,1753.8102
105970,1747.5613
105971,1756.2668
105972,1744.0898
105973,1735.0867
105974,1753.9633
105975,1730.2504
105976,1727.1066
105977,1720.2433
105978,1720.9661
105979,1787.0114
105980,1823.1315
105981,1811.2327
105982,1811.4178
105983,1781.9824
105984,1688.42
105985,1521.0991
105986,1449.3413
105987,1412.6432
105988,1393.1112
105989,1387.6606
105990,1400.9032
105991,1520.2812
105992,1731.2507
105993,1767.2312
105994,1764.662
105995,1753.6774
105996,1741.4465
105997,1741.4988
105998,1751.3096
105999,1729.037
106000,1727.5057
106001,1728.7032
106002,1720.6368
106003,1793.6348
106004,1817.9739
106005,1823.5669
106006,1814.9674
106007,1778.0232
106008,1687.4144
106009,1537.4417
106010,1479.7236
106011,1423.5886
106012,1406.5364
106013,1398.9501
106014,1411.8883
106015,1504.7195
106016,1704.4589
106017,1749.793
106018,1741.0247
106019,1734.9657
106020,1733.3018
106021,1726.5082
106022,1752.1299
106023,1730.8275
106024,1718.832
106025,1705.4883
106026,1698.3822
106027,1762.7129
106028,1782.9646
106029,1788.7883
106030,1771.7162
106031,1732.7191
106032,1650.2052
106033,1471.589
106034,1408.3677
106035,1361.2177
106036,1343.3148
106037,1322.9941
106038,1323.0176
106039,1376.0964
106040,1462.4807
106041,1504.6566
106042,1524.5267
106043,1553.6141
106044,1564.2898
106045,1563.398
106046,1585.22
106047,1573.5156
106048,1557.0498
106049,1551.713
106050,1554.6213
106051,1622.1007
106052,1676.4205
106053,1668.5648
106054,1668.2471
106055,1627.7224
106056,1553.4663
106057,1384.0815
106058,1323.9
106059,1282.5856
106060,1256.2721
106061,1268.0426
106062,1258.3749
106063,1293.3976
106064,1364.1532
106065,1401.745
106066,1436.9519
106067,1459.52
106068,1451.4458
106069,1449.6212
106070,1482.2314
106071,1470.4966
106072,1451.1464
106073,1452.058
106074,1444.1404
106075,1542.9263
106076,1611.9275
106077,1613.5876
106078,1613.8077
106079,1574.3376
106080,1500.6874
106081,1417.4153
106082,1353.3452
106083,1305.1555
106084,1294.7556
106085,1309.7777
106086,1323.9745
106087,1447.6592
106088,1627.8444
106089,1688.3279
106090,1701.0782
106091,1680.585
106092,1676.3552
106093,1674.9032
106094,1691.5759
106095,1679.4271
106096,1674.9875
106097,1672.4596
106098,1666.5743
106099,1740.7997
106100,1775.9326
106101,1773.7483
106102,1769.4137
106103,1719.8771
106104,1628.8325
106105,1505.5995
106106,1439.3463
106107,1383.7279
106108,1368.5311
106109,1375.9965
106110,1396.4375
106111,1510.9371
106112,1702.3806
106113,1743.7308
106114,1748.9957
106115,1731.0183
106116,1723.0162
106117,1713.991
106118,1735.9832
106119,1717.8444
106120,1713.9899
106121,1704.0338
106122,1710.7773
106123,1771.8566
106124,1814.6184
106125,1805.0518
106126,1812.649
106127,1765.3523
106128,1674.9113
106129,1505.896
106130,1438.9985
106131,1378.0798
106132,1365.3262
106133,1362.7878
106134,1373.9099
106135,1499.4119
106136,1691.4008
106137,1739.0187
106138,1748.0234
106139,1724.4938
106140,1708.222
106141,1712.2778
106142,1724.7828
106143,1704.2417
106144,1704.7277
106145,1693.117
106146,1690.4683
106147,1758.9705
106148,1797.4314
106149,1800.8425
106150,1793.7174
106151,1748.1516
106152,1661.5638
106153,1541.9043
106154,1474.1154
106155,1421.5537
106156,1404.2863
106157,1406.965
106158,1420.915
106159,1544.8871
106160,1734.9293
106161,1780.9219
106162,1796.2694
106163,1769.4451
106164,1750.4357
106165,1751.267
106166,1765.1001
106167,1748.6155
106168,1749.3457
106169,1737.3657
106170,1732.1554
106171,1812.6199
106172,1847.3833
106173,1844.8562
106174,1847.7518
106175,1799.8469
106176,1709.5791
106177,1602.4225
106178,1540.7886
106179,1465.598
106180,1460.8401
106181,1467.6366
106182,1479.686
106183,1568.6879
106184,1757.9052
106185,1809.0338
106186,1821.8981
106187,1797.4507
106188,1775.7437
106189,1775.6902
106190,1802.9579
106191,1782.0836
106192,1780.6146
106193,1765.4741
106194,1756.2103
106195,1837.9452
106196,1855.6023
106197,1861.7092
106198,1846.4728
106199,1807.1221
106200,1713.309
106201,1571.7933
106202,1506.3569
106203,1437.1592
106204,1436.7699
106205,1430.242
106206,1422.1782
106207,1474.5839
106208,1557.6403
106209,1596.4591
106210,1625.581
106211,1650.1366
106212,1640.5754
106213,1638.5862
106214,1669.328
106215,1646.7771
106216,1638.1246
106217,1628.6808
106218,1627.2482
106219,1713.8845
106220,1760.5743
106221,1760.8018
106222,1760.3683
106223,1717.1251
106224,1641.6648
106225,1431.7089
106226,1368.8983
106227,1321.986
106228,1307.0126
106229,1319.497
106230,1309.8251
106231,1352.3496
106232,1416.9056
106233,1452.3164
106234,1489.6652
106235,1510.6466
106236,1501.8253
106237,1501.8712
106238,1532.0442
106239,1546.0024
106240,1513.5707
106241,1530.1686
106242,1513.4109
106243,1632.0829
106244,1685.6357
106245,1701.0399
106246,1683.2135
106247,1636.9752
106248,1561.3667
106249,1436.0146
106250,1384.2555
106251,1333.7223
106252,1312.4824
106253,1324.5128
106254,1342.2577
106255,1450.3444
106256,1653.7913
106257,1694.7507
106258,1710.6606
106259,1711.3678
106260,1689.9347
106261,1693.7177
106262,1699.9617
106263,1688.2366
106264,1667.1707
106265,1675.8243
106266,1674.3438
106267,1745.5096
106268,1795.4958
106269,1793.8168
106270,1784.4131
106271,1734.7808
106272,1650.7549
106273,1394.1833
106274,1335.298
106275,1267.5542
106276,1249.1318
106277,1260.6796
106278,1283.8445
106279,1378.5066
106280,1593.1729
106281,1617.9735
106282,1631.5443
106283,1635.8268
106284,1602.2764
106285,1598.7234
106286,1615.6766
106287,1604.272
106288,1586.1143
106289,1576.0614
106290,1590.5065
106291,1664.3221
106292,1730.09
106293,1716.0208
106294,1707.9421
106295,1659.729
106296,1571.7224
106297,1449.3457
106298,1389.7156
106299,1327.3234
106300,1307.6161
106301,1308.6721
106302,1338.7534
106303,1435.9286
106304,1643.2825
106305,1671.8494
106306,1689.0564
106307,1690.3842
106308,1655.6224
106309,1663.0156
106310,1668.0607
106311,1649.506
106312,1630.0789
106313,1634.2115
106314,1635.7966
106315,1713.0686
106316,1763.275
106317,1762.3678
106318,1747.3354
106319,1707.23
106320,1617.5452
106321,1515.0472
106322,1456.0464
106323,1403.0376
106324,1376.558
106325,1378.197
106326,1405.6167
106327,1502.3644
106328,1709.1254
106329,1734.594
106330,1755.061
106331,1757.8754
106332,1729.1455
106333,1730.2299
106334,1737.5819
106335,1722.6716
106336,1707.8428
106337,1715.7072
106338,1705.4497
106339,1789.6522
106340,1831.7589
106341,1827.5378
106342,1813.9945
106343,1775.9185
106344,1686.8333
106345,1607.8405
106346,1548.3944
106347,1470.0042
106348,1459.0525
106349,1461.8877
106350,1485.0651
106351,1553.7786
106352,1757.9973
106353,1788.0908
106354,1809.0476
106355,1809.6791
106356,1776.7443
106357,1779.6505
106358,1792.766
106359,1775.6016
106360,1751.9471
106361,1754.4957
106362,1744.8643
106363,1824.9551
106364,1868.5619
106365,1868.2136
106366,1848.0442
106367,1795.7103
106368,1716.7247
106369,1543.3688
106370,1477.3816
106371,1408.3025
106372,1397.2726
106373,1403.2706
106374,1403.785
106375,1453.3221
106376,1545.5541
106377,1576.1968
106378,1617.702
106379,1652.3113
106380,1633.4713
106381,1636.1747
106382,1654.1619
106383,1639.5908
106384,1604.943
106385,1611.0487
106386,1600.5872
106387,1700.3945
106388,1746.1674
106389,1757.5791
106390,1738.6532
106391,1690.9775
106392,1597.0814
106393,1467.3284
106394,1383.6742
106395,1349.587
106396,1340.9462
106397,1336.472
106398,1342.0399
106399,1377.187
106400,1443.4996
106401,1479.9935
106402,1534.9326
106403,1553.89
106404,1531.1941
106405,1534.1272
106406,1558.2666
106407,1586.7593
106408,1531.5784
106409,1539.0059
106410,1543.7112
106411,1660.027
106412,1720.801
106413,1736.5404
106414,1728.1381
106415,1672.9286
106416,1598.6082
106417,1475.1412
106418,1387.2805
106419,1344.4689
106420,1332.4924
106421,1349.8447
106422,1360.4072
106423,1467.8927
106424,1656.4348
106425,1693.4683
106426,1731.7135
106427,1731.2572
106428,1716.4512
106429,1714.8938
106430,1727.9989
106431,1713.5754
106432,1673.9305
106433,1698.7029
106434,1678.423
106435,1757.5469
106436,1819.2557
106437,1828.7615
106438,1813.964
106439,1756.3053
106440,1679.3196
106441,1516.8956
106442,1431.6824
106443,1365.0496
106444,1355.3915
106445,1360.2686
106446,1377.3616
106447,1481.337
106448,1679.8778
106449,1704.5497
106450,1731.8835
106451,1732.0122
106452,1708.8754
106453,1706.8088
106454,1723.9376
106455,1708.133
106456,1682.3826
106457,1683.1167
106458,1674.6727
106459,1749.4015
106460,1798.0052
106461,1803.2504
106462,1794.021
106463,1753.8668
106464,1666.855
106465,1536.4316
106466,1453.2388
106467,1395.7461
106468,1378.6893
106469,1366.5255
106470,1386.9952
106471,1490.9519
106472,1695.5306
106473,1716.6072
106474,1739.2345
106475,1751.0671
106476,1726.8708
106477,1734.1785
106478,1742.5952
106479,1735.8423
106480,1695.3683
106481,1711.8271
106482,1702.9653
106483,1778.7654
106484,1838.3157
106485,1837.9126
106486,1816.2054
106487,1781.4639
106488,1686.8173
106489,1430.9094
106490,1341.1619
106491,1287.0979
106492,1272.4875
106493,1267.2638
106494,1288.2316
106495,1393.2783
106496,1588.6078
106497,1608.5999
106498,1642.5806
106499,1648.6233
106500,1631.2073
106501,1631.258
106502,1636.6929
106503,1615.9246
106504,1581.761
106505,1602.0571
106506,1582.8727
106507,1667.9003
106508,1726.473
106509,1733.9037
106510,1713.6007
106511,1670.1582
106512,1584.541
106513,1499.4366
106514,1419.247
106515,1354.2871
106516,1348.1211
106517,1347.1866
106518,1362.0851
106519,1425.2563
106520,1627.9819
106521,1651.374
106522,1678.3649
106523,1691.6216
106524,1666.3243
106525,1666.0464
106526,1679.8745
106527,1659.1752
106528,1618.9069
106529,1624.4102
106530,1610.0739
106531,1685.6887
106532,1731.003
106533,1738.2375
106534,1715.213
106535,1675.4089
106536,1598.4559
106537,1503.0858
106538,1419.1866
106539,1351.4054
106540,1355.7311
106541,1347.2068
106542,1344.7279
106543,1395.0067
106544,1481.1063
106545,1504.2802
106546,1563.358
106547,1596.4336
106548,1584.0676
106549,1590.5557
106550,1600.7723
106551,1583.1201
106552,1536.897
106553,1552.9812
106554,1548.4011
106555,1639.4851
106556,1697.5414
106557,1701.4224
106558,1689.4929
106559,1629.8401
106560,1547.762
106561,1436.8284
106562,1443.3749
106563,1381.7114
106564,1380.6321
106565,1380.5754
106566,1372.15
106567,1414.8914
106568,1406.2878
106569,1512.6863
106570,1601.5714
106571,1599.7484
106572,1600.1228
106573,1605.7726
106574,1635.0784
106575,1661.3429
106576,1637.2406
106577,1657.9968
106578,1646.162
106579,1745.798
106580,1805.5208
106581,1793.9323
106582,1800.5945
106583,1765.5577
106584,1687.5702
106585,1440.1353
106586,1445.7434
106587,1392.0623
106588,1376.7816
106589,1392.0795
106590,1405.8258
106591,1514.3591
106592,1649.2294
106593,1749.1482
106594,1818.4872
106595,1802.1642
106596,1793.819
106597,1804.4727
106598,1818.308
106599,1801.5786
106600,1794.3271
106601,1810.2153
106602,1796.928
106603,1873.1959
106604,1912.0502
106605,1912.136
106606,1909.9742
106607,1862.2975
106608,1763.54
106609,1447.4812
106610,1443.0417
106611,1374.9108
106612,1366.2196
106613,1376.1652
106614,1389.1168
106615,1489.2428
106616,1631.3397
106617,1720.1445
106618,1784.5315
106619,1766.7494
106620,1759.9635
106621,1758.5306
106622,1779.4973
106623,1758.8434
106624,1758.4197
106625,1755.7673
106626,1753.3085
106627,1822.4763
106628,1879.6372
106629,1864.5503
106630,1873.0636
106631,1830.5491
106632,1740.4921
106633,1526.3029
106634,1523.6709
106635,1457.909
106636,1445.4639
106637,1448.3081
106638,1460.7146
106639,1566.13
106640,1703.1284
106641,1798.8477
106642,1864.2654
106643,1847.1274
106644,1826.217
106645,1832.4415
106646,1844.5831
106647,1834.6027
106648,1827.2294
106649,1837.8033
106650,1834.5474
106651,1906.8301
106652,1951.4138
106653,1952.6449
106654,1940.9205
106655,1901.7819
106656,1809.1375
106657,1667.0874
106658,1637.9465
106659,1609.9768
106660,1594.2675
106661,1591.6318
106662,1609.9084
106663,1700.8046
106664,1811.814
106665,1909.6526
106666,1940.0735
106667,1934.5251
106668,1922.9657
106669,1907.9257
106670,1921.0819
106671,1905.153
106672,1901.2225
106673,1902.0464
106674,1898.5236
106675,1986.4125
106676,2035.7188
106677,2032.7144
106678,2022.6799
106679,1982.2871
106680,1908.3883
106681,1743.0726
106682,1722.3475
106683,1669.9916
106684,1663.5847
106685,1674.821
106686,1682.8523
106687,1744.8901
106688,1856.0333
106689,1957.7555
106690,1988.9355
106691,1981.3702
106692,1965.6654
106693,1948.9341
106694,1973.9038
106695,1943.7819
106696,1948.5298
106697,1936.7413
106698,1925.3536
106699,2012.5844
106700,2064.6008
106701,2056.1643
106702,2052.6682
106703,2011.5342
106704,1945.2363
106705,1665.5261
106706,1672.2893
106707,1626.3672
106708,1632.7408
106709,1624.3746
106710,1618.611
106711,1661.5886
106712,1658.2678
106713,1764.2081
106714,1818.3362
106715,1826.4751
106716,1796.1536
106717,1792.2756
106718,1809.3901
106719,1793.889
106720,1777.003
106721,1784.667
106722,1781.5929
106723,1881.2794
106724,1934.0643
106725,1917.861
106726,1917.9999
106727,1865.1312
106728,1826.6367
106729,1720.3687
106730,1729.0115
106731,1689.8108
106732,1664.6709
106733,1650.5585
106734,1664.9742
106735,1718.2151
106736,1688.0377
106737,1810.1849
106738,1852.3358
106739,1860.1223
106740,1836.2332
106741,1806.1317
106742,1846.529
106743,1853.621
106744,1823.703
106745,1851.7098
106746,1849.2877
106747,1962.8933
106748,2021.3989
106749,2024.3119
106750,2006.3121
106751,1953.1392
106752,1931.7732
106753,1741.6825
106754,1719.0858
106755,1678.971
106756,1665.7925
106757,1665.9458
106758,1692.1012
106759,1800.2179
106760,1912.3234
106761,2022.0994
106762,2053.8323
106763,2048.0115
106764,2042.2118
106765,2022.2174
106766,2046.1697
106767,2015.3579
106768,2017.5161
106769,2021.2861
106770,2028.5664
106771,2107.249
106772,2164.0872
106773,2165.5366
106774,2142.003
106775,2088.5278
106776,2017.9623
106777,1814.9603
106778,1794.6854
106779,1748.6403
106780,1724.479
106781,1732.8916
106782,1762.9626
106783,1846.2579
106784,1969.0137
106785,2078.1746
106786,2104.942
106787,2097.5154
106788,2084.2817
106789,2068.2473
106790,2091.066
106791,2062.153
106792,2063.1252
106793,2057.8
106794,2069.045
106795,2137.1213
106796,2199.8171
106797,2181.6082
106798,2175.683
106799,2141.911
106800,2067.0225
106801,1819.7689
106802,1796.9869
106803,1751.5299
106804,1723.7328
106805,1717.718
106806,1751.147
106807,1845.7667
106808,1958.8136
106809,2073.837
106810,2092.3286
106811,2088.0403
106812,2073.459
106813,2053.6543
106814,2073.7212
106815,2041.6455
106816,2043.2874
106817,2046.2722
106818,2050.354
106819,2135.5688
106820,2191.9172
106821,2179.8381
106822,2160.5608
106823,2130.757
106824,2045.6821
106825,1889.4022
106826,1868.2451
106827,1823.4075
106828,1805.8369
106829,1805.4302
106830,1832.3452
106831,1925.0492
106832,2044.964
106833,2144.0889
106834,2172.2266
106835,2163.074
106836,2145.027
106837,2132.9983
106838,2148.5518
106839,2112.7126
106840,2113.2256
106841,2107.6646
106842,2113.8774
106843,2205.4355
106844,2258.9019
106845,2260.906
106846,2234.677
106847,2191.8472
106848,2118.6887
106849,1864.1825
106850,1846.537
106851,1783.804
106852,1772.8965
106853,1772.1833
106854,1791.9309
106855,1859.7069
106856,1976.6515
106857,2087.0474
106858,2110.1821
106859,2101.4001
106860,2084.1833
106861,2072.192
106862,2095.484
106863,2058.188
106864,2056.8418
106865,2042.9861
106866,2046.9027
106867,2141.8943
106868,2181.3113
106869,2180.0215
106870,2154.722
106871,2112.8547
106872,2037.704
106873,1885.4929
106874,1893.6244
106875,1834.8271
106876,1829.1606
106877,1815.9766
106878,1826.1888
106879,1879.5802
106880,1873.525
106881,1978.7802
106882,2031.215
106883,2046.2455
106884,2015.3256
106885,1998.2953
106886,2022.1001
106887,1990.0898
106888,1973.1768
106889,1985.9349
106890,1986.941
106891,2093.766
106892,2137.9116
106893,2130.5054
106894,2121.517
106895,2083.4434
106896,2024.8884
106897,1717.0449
106898,1728.6644
106899,1691.1401
106900,1660.4886
106901,1659.0636
106902,1666.8384
106903,1714.5704
106904,1662.2583
106905,1788.7167
106906,1842.5428
106907,1849.5621
106908,1830.1622
106909,1823.2181
106910,1847.3856
106911,1850.4436
106912,1823.2249
106913,1846.4521
106914,1846.9419
106915,1950.1958
106916,2015.4276
106917,2008.733
106918,2003.4418
106919,1950.5697
106920,1938.7236
106921,1751.703
106922,1727.4324
106923,1700.0245
106924,1660.8344
106925,1681.997
106926,1711.1844
106927,1798.6443
106928,1902.8485
106929,2017.5929
106930,2049.6365
106931,2052.0603
106932,2054.5442
106933,2041.1926
106934,2055.278
106935,2022.7523
106936,2017.3862
106937,2026.7792
106938,2023.4563
106939,2101.376
106940,2162.0242
106941,2161.2783
106942,2148.071
106943,2106.9177
106944,2038.6217
106945,1804.6869
106946,1775.9716
106947,1741.8514
106948,1720.4414
106949,1737.5071
106950,1762.8655
106951,1842.6315
106952,1951.6091
106953,2061.643
106954,2085.971
106955,2082.3052
106956,2080.5295
106957,2056.103
106958,2080.0737
106959,2045.5188
106960,2037.8445
106961,2054.7334
106962,2045.2328
106963,2127.1084
106964,2186.2522
106965,2179.8838
106966,2163.3413
106967,2120.2266
106968,2058.3752
106969,1807.1738
106970,1777.4972
106971,1747.4286
106972,1721.7039
106973,1723.9379
106974,1755.9261
106975,1836.3248
106976,1938.7037
106977,2055.886
106978,2080.1287
106979,2074.0537
106980,2064.9521
106981,2050.8623
106982,2061.248
106983,2026.4882
106984,2018.9424
106985,2033.1487
106986,2035.8319
106987,2124.939
106988,2179.4116
106989,2177.349
106990,2158.0354
106991,2115.8127
106992,2045.3866
106993,1744.403
106994,1709.9148
106995,1685.4805
106996,1659.5208
106997,1665.4413
106998,1700.0233
106999,1774.9669
107000,1882.141
107001,1985.4832
107002,2024.244
107003,2004.3113
107004,1998.0018
107005,1985.3969
107006,1998.713
107007,1968.3649
107008,1957.2644
107009,1965.736
107010,1959.4077
107011,2060.3462
107012,2111.4434
107013,2113.8223
107014,2096.9429
107015,2049.9895
107016,1977.8405
107017,1785.5969
107018,1764.4102
107019,1716.8995
107020,1692.4521
107021,1705.9171
107022,1735.5203
107023,1790.9357
107024,1894.4229
107025,2006.9103
107026,2043.619
107027,2022.487
107028,2009.1635
107029,2008.3958
107030,2016.5331
107031,1971.4255
107032,1964.4249
107033,1975.3483
107034,1963.0197
107035,2046.6055
107036,2095.4524
107037,2107.7236
107038,2083.9158
107039,2052.5718
107040,1981.334
107041,1750.9673
107042,1752.7454
107043,1706.7849
107044,1688.4784
107045,1678.5939
107046,1694.9559
107047,1730.6138
107048,1719.108
107049,1829.4974
107050,1890.2441
107051,1900.4945
107052,1881.712
107053,1877.5297
107054,1889.5851
107055,1855.9178
107056,1834.5736
107057,1847.8362
107058,1843.4298
107059,1937.3636
107060,1985.3718
107061,1988.7538
107062,1981.8041
107063,1940.1166
107064,1899.8019
107065,1609.568
107066,1608.5548
107067,1571.4386
107068,1548.6974
107069,1545.2883
107070,1549.5933
107071,1585.4546
107072,1541.7208
107073,1669.2577
107074,1688.1715
107075,1703.4288
107076,1672.2974
107077,1661.6974
107078,1696.2375
107079,1702.2191
107080,1650.3873
107081,1669.2687
107082,1664.3108
107083,1774.8308
107084,1830.5297
107085,1837.8123
107086,1839.3741
107087,1790.8928
107088,1769.2573
107089,1692.6084
107090,1664.8262
107091,1635.3207
107092,1615.4596
107093,1625.7698
107094,1642.7002
107095,1739.6644
107096,1824.0789
107097,1950.24
107098,1944.5985
107099,1960.2926
107100,1952.9827
107101,1938.6748
107102,1959.1923
107103,1943.728
107104,1903.8025
107105,1915.7769
107106,1902.2197
107107,1991.0812
107108,2038.4646
107109,2049.8186
107110,2040.2488
107111,2001.4398
107112,1929.1278
107113,1812.5629
107114,1781.1927
107115,1745.835
107116,1725.8005
107117,1725.0763
107118,1756.8658
107119,1841.9344
107120,1936.7328
107121,2053.0742
107122,2038.6038
107123,2046.0067
107124,2035.2665
107125,2017.99
107126,2042.0878
107127,2023.4684
107128,1987.3976
107129,1983.5831
107130,1987.4193
107131,2079.3462
107132,2125.2385
107133,2135.8506
107134,2126.6611
107135,2091.2683
107136,2008.5398
107137,1779.7592
107138,1742.2802
107139,1710.4272
107140,1686.3649
107141,1675.8773
107142,1697.9889
107143,1790.204
107144,1879.3046
107145,1997.0939
107146,1982.8405
107147,1991.4556
107148,1990.775
107149,1978.0033
107150,1997.6324
107151,1969.2891
107152,1938.39
107153,1941.0144
107154,1935.2959
107155,2031.7379
107156,2077.167
107157,2083.0212
107158,2081.11
107159,2038.3755
107160,1962.99
107161,1813.6721
107162,1787.6345
107163,1747.3594
107164,1722.9384
107165,1712.1755
107166,1740.5848
107167,1831.4409
107168,1927.9733
107169,2036.8849
107170,2026.1709
107171,2039.3116
107172,2025.7902
107173,2018.0461
107174,2031.6664
107175,2003.5878
107176,1977.0205
107177,1975.3167
107178,1967.8478
107179,2056.6038
107180,2097.5105
107181,2109.295
107182,2093.742
107183,2064.437
107184,1994.7886
107185,1671.6575
107186,1639.427
107187,1585.5803
107188,1568.9768
107189,1559.4308
107190,1590.4354
107191,1646.9342
107192,1748.286
107193,1858.8264
107194,1847.1938
107195,1856.8799
107196,1849.4568
107197,1840.1053
107198,1857.4614
107199,1831.0652
107200,1803.4956
107201,1810.0193
107202,1796.8269
107203,1887.3684
107204,1921.0874
107205,1918.7589
107206,1921.1001
107207,1884.8258
107208,1798.9575
107209,1530.8195
107210,1524.2568
107211,1467.1185
107212,1464.2108
107213,1450.5149
107214,1455.7244
107215,1495.5254
107216,1475.7281
107217,1585.8456
107218,1604.4008
107219,1634.1255
107220,1617.1041
107221,1615.0247
107222,1634.2833
107223,1598.4683
107224,1557.9711
107225,1567.9862
107226,1556.0902
107227,1659.8708
107228,1703.8489
107229,1707.2466
107230,1720.412
107231,1674.3876
107232,1619.9229
107233,1655.1316
107234,1663.3103
107235,1621.4581
107236,1607.1498
107237,1571.345
107238,1582.2131
107239,1615.6788
107240,1584.2759
107241,1701.5396
107242,1717.847
107243,1757.0159
107244,1741.9437
107245,1752.4246
107246,1790.1304
107247,1771.313
107248,1732.2748
107249,1750.5696
107250,1763.4764
107251,1854.2184
107252,1901.4899
107253,1896.5022
107254,1886.9214
107255,1852.4752
107256,1817.57
107257,1670.2764
107258,1643.7389
107259,1614.2687
107260,1594.0992
107261,1591.1411
107262,1610.4305
107263,1717.4615
107264,1794.1624
107265,1927.5634
107266,1932.485
107267,1934.7422
107268,1952.5896
107269,1963.1892
107270,1989.0166
107271,1972.62
107272,1946.6317
107273,1963.0194
107274,1959.3856
107275,2044.0996
107276,2072.1785
107277,2073.4304
107278,2051.2205
107279,2012.7083
107280,1920.5499
107281,1782.2253
107282,1755.2911
107283,1723.7649
107284,1708.839
107285,1694.8359
107286,1727.246
107287,1821.2489
107288,1907.2418
107289,2035.2975
107290,2028.5568
107291,2031.1233
107292,2032.2142
107293,2038.1927
107294,2071.1765
107295,2036.782
107296,2021.109
107297,2028.8511
107298,2028.2936
107299,2107.7756
107300,2141.489
107301,2136.4602
107302,2119.3635
107303,2094.3928
107304,2008.6989
107305,1741.4844
107306,1712.2798
107307,1674.9982
107308,1672.3816
107309,1646.2242
107310,1673.3167
107311,1769.9583
107312,1854.9645
107313,1984.1765
107314,1973.7019
107315,1982.1073
107316,1979.0527
107317,1993.0265
107318,2020.591
107319,1977.1812
107320,1965.4646
107321,1968.7582
107322,1973.9271
107323,2069.7786
107324,2089.2666
107325,2089.6023
107326,2071.597
107327,2041.834
107328,1952.4288
107329,1703.5819
107330,1672.084
107331,1651.0964
107332,1629.1466
107333,1616.355
107334,1646.7502
107335,1736.3671
107336,1825.3042
107337,1943.0673
107338,1949.1384
107339,1945.5117
107340,1941.8175
107341,1954.4249
107342,1981.9459
107343,1948.0076
107344,1925.6327
107345,1929.1667
107346,1927.6833
107347,2017.1765
107348,2051.8684
107349,2050.869
107350,2038.0497
107351,1998.6041
107352,1916.3354
107353,1693.1213
107354,1661.8704
107355,1617.9108
107356,1608.0593
107357,1595.702
107358,1616.4608
107359,1689.5458
107360,1771.1997
107361,1894.3313
107362,1898.5337
107363,1893.7778
107364,1899.5289
107365,1908.9888
107366,1939.5309
107367,1912.4841
107368,1892.6383
107369,1894.8163
107370,1888.4087
107371,1970.1926
107372,1996.6375
107373,2001.2969
107374,1981.8898
107375,1934.7253
107376,1864.0123
107377,1574.027
107378,1588.3059
107379,1537.8955
107380,1531.5833
107381,1492.3451
107382,1500.6718
107383,1536.6483
107384,1508.3251
107385,1631.7682
107386,1651.6859
107387,1679.0737
107388,1666.2322
107389,1690.0375
107390,1716.0068
107391,1682.5142
107392,1662.1493
107393,1668.1852
107394,1676.365
107395,1771.8639
107396,1828.6764
107397,1807.834
107398,1787.9106
107399,1734.4238
107400,1722.5514
107401,1835.1581
107402,1801.4655
107403,1806.0232
107404,1762.1366
107405,1756.9165
107406,1760.9722
107407,1791.3441
107408,1823.6707
107409,1930.6575
107410,1954.153
107411,1940.4314
107412,1926.047
107413,1956.6919
107414,1978.3236
107415,1986.1624
107416,1975.4495
107417,1976.4846
107418,1965.354
107419,2055.4983
107420,2111.9502
107421,2107.0986
107422,2099.1694
107423,2058.3782
107424,2026.8008
107425,1845.7115
107426,1783.4169
107427,1785.0502
107428,1750.5968
107429,1756.8619
107430,1768.9933
107431,1844.4855
107432,2018.0791
107433,2096.219
107434,2099.579
107435,2081.0173
107436,2096.1035
107437,2123.6448
107438,2138.863
107439,2114.587
107440,2121.6523
107441,2102.446
107442,2103.1604
107443,2176.4841
107444,2230.6448
107445,2207.5293
107446,2202.806
107447,2160.1484
107448,2083.3162
107449,1943.3804
107450,1886.5465
107451,1893.6444
107452,1871.2567
107453,1867.6843
107454,1892.6903
107455,1962.3167
107456,2126.4907
107457,2207.5242
107458,2205.7415
107459,2182.0366
107460,2170.7441
107461,2199.0186
107462,2214.9287
107463,2183.387
107464,2187.3247
107465,2189.0806
107466,2182.3647
107467,2252.0222
107468,2304.8777
107469,2287.7546
107470,2281.1414
107471,2237.7258
107472,2166.5996
107473,1939.3462
107474,1881.2542
107475,1886.0735
107476,1858.3976
107477,1852.0273
107478,1876.9318
107479,1945.8242
107480,2105.146
107481,2203.1091
107482,2192.0815
107483,2177.7844
107484,2173.9348
107485,2196.0774
107486,2218.4495
107487,2177.7073
107488,2180.1626
107489,2171.9326
107490,2164.484
107491,2249.9854
107492,2295.8123
107493,2273.2007
107494,2264.7578
107495,2218.135
107496,2146.2712
107497,1970.9283
107498,1917.8379
107499,1925.8412
107500,1906.1385
107501,1900.0684
107502,1918.9043
107503,1983.8616
107504,2153.3933
107505,2237.4993
107506,2234.7734
107507,2220.8425
107508,2204.33
107509,2236.889
107510,2250.0125
107511,2213.676
107512,2223.2896
107513,2208.3623
107514,2209.0664
107515,2279.736
107516,2320.0361
107517,2310.248
107518,2293.7034
107519,2254.2146
107520,2185.2007
107521,2044.3821
107522,1992.2769
107523,1973.17
107524,1943.2272
107525,1951.3584
107526,1966.9031
107527,2011.509
107528,2163.6013
107529,2248.3872
107530,2247.431
107531,2234.0837
107532,2232.384
107533,2263.0427
107534,2283.802
107535,2245.678
107536,2250.9236
107537,2237.56
107538,2228.5037
107539,2298.4443
107540,2344.5437
107541,2325.3474
107542,2311.9595
107543,2271.3877
107544,2204.7744
107545,1960.7526
107546,1937.8365
107547,1924.779
107548,1900.9202
107549,1888.8293
107550,1890.5474
107551,1922.4908
107552,1958.667
107553,2053.8894
107554,2071.0703
107555,2083.6887
107556,2069.6223
107557,2105.3289
107558,2124.8625
107559,2079.016
107560,2081.2998
107561,2077.1042
107562,2064.068
107563,2166.0051
107564,2199.6338
107565,2180.4167
107566,2176.5273
107567,2133.9858
107568,2080.448
107569,1855.4233
107570,1805.3557
107571,1818.8154
107572,1795.4678
107573,1805.319
107574,1803.8983
107575,1834.4485
107576,1877.9307
107577,1982.517
107578,1998.0104
107579,2007.3461
107580,1978.5427
107581,1964.9595
107582,1982.7268
107583,1997.0436
107584,1964.1648
107585,1970.2056
107586,1976.1349
107587,2065.0122
107588,2122.2961
107589,2135.742
107590,2125.315
107591,2071.3545
107592,2061.104
107593,1944.2196
107594,1865.3337
107595,1873.9878
107596,1849.3573
107597,1851.9731
107598,1879.9526
107599,1969.5729
107600,2146.9968
107601,2231.4255
107602,2227.4736
107603,2215.7407
107604,2219.9922
107605,2216.7698
107606,2210.0942
107607,2212.6313
107608,2187.3613
107609,2196.0781
107610,2196.8513
107611,2264.963
107612,2321.0632
107613,2325.9087
107614,2313.2715
107615,2252.2205
107616,2181.8772
107617,2000.6268
107618,1940.3365
107619,1940.6184
107620,1918.4004
107621,1914.1996
107622,1954.6378
107623,2038.5205
107624,2198.4644
107625,2283.1768
107626,2283.0122
107627,2271.381
107628,2266.0752
107629,2250.548
107630,2251.6301
107631,2245.177
107632,2226.9653
107633,2225.0981
107634,2238.9563
107635,2305.9844
107636,2376.5745
107637,2364.4797
107638,2365.5098
107639,2316.539
107640,2239.131
107641,1980.8741
107642,1915.8745
107643,1919.4741
107644,1891.4008
107645,1885.5381
107646,1919.3326
107647,2012.5604
107648,2158.3315
107649,2259.3596
107650,2250.7075
107651,2241.2688
107652,2241.496
107653,2230.9448
107654,2232.4307
107655,2216.8447
107656,2196.3718
107657,2187.8848
107658,2197.971
107659,2265.39
107660,2318.2607
107661,2319.698
107662,2314.6807
107663,2262.7227
107664,2194.685
107665,1955.1707
107666,1892.278
107667,1892.4423
107668,1869.1317
107669,1870.9005
107670,1902.6113
107671,1978.9066
107672,2146.884
107673,2237.6626
107674,2227.3809
107675,2225.1694
107676,2215.6453
107677,2201.8064
107678,2205.3203
107679,2187.501
107680,2171.9998
107681,2167.7383
107682,2172.5369
107683,2232.6548
107684,2287.7495
107685,2290.703
107686,2287.094
107687,2240.065
107688,2175.5283
107689,1944.8645
107690,1890.835
107691,1869.7502
107692,1859.6937
107693,1864.478
107694,1886.9751
107695,1938.1675
107696,2099.116
107697,2195.9014
107698,2185.8093
107699,2177.377
107700,2176.6409
107701,2160.392
107702,2165.5073
107703,2147.8425
107704,2130.5952
107705,2116.9888
107706,2122.8354
107707,2174.7454
107708,2230.865
107709,2232.568
107710,2228.067
107711,2184.7495
107712,2115.703
107713,1923.3531
107714,1890.3135
107715,1891.2067
107716,1886.5142
107717,1874.6036
107718,1887.6263
107719,1923.776
107720,1958.517
107721,2059.4636
107722,2079.5305
107723,2094.337
107724,2073.5764
107725,2059.8284
107726,2067.6946
107727,2047.3474
107728,2018.0056
107729,2021.0471
107730,2022.3269
107731,2108.3005
107732,2152.6477
107733,2158.155
107734,2154.2004
107735,2105.0637
107736,2069.0925
107737,1625.5374
107738,1574.6378
107739,1566.9171
107740,1549.2365
107741,1548.8177
107742,1561.1647
107743,1604.4758
107744,1617.1382
107745,1734.5177
107746,1770.8401
107747,1759.6151
107748,1730.7474
107749,1718.7184
107750,1733.9751
107751,1757.7988
107752,1726.5647
107753,1729.4584
107754,1729.7291
107755,1833.881
107756,1901.7863
107757,1890.224
107758,1886.4958
107759,1847.1683
107760,1824.0402
107761,1698.697
107762,1619.0223
107763,1600.3765
107764,1595.661
107765,1594.4409
107766,1626.4791
107767,1728.9493
107768,1879.468
107769,1977.5256
107770,1990.6237
107771,1969.1757
107772,1967.2528
107773,1959.4552
107774,1957.4529
107775,1947.0762
107776,1927.0596
107777,1924.6637
107778,1934.5098
107779,2002.6124
107780,2056.789
107781,2051.0056
107782,2045.5138
107783,1999.576
107784,1924.6088
107785,1739.1819
107786,1674.0385
107787,1650.2985
107788,1643.3127
107789,1637.1891
107790,1668.6321
107791,1770.4808
107792,1900.0619
107793,2004.6425
107794,2007.9355
107795,1992.9745
107796,1987.4427
107797,1978.4739
107798,1983.3374
107799,1974.575
107800,1959.3774
107801,1947.6339
107802,1958.976
107803,2025.976
107804,2075.3018
107805,2064.123
107806,2070.1023
107807,2033.7621
107808,1954.0646
107809,1798.0618
107810,1724.176
107811,1698.4841
107812,1689.8448
107813,1682.7163
107814,1710.4044
107815,1818.7332
107816,1944.4271
107817,2053.1514
107818,2062.9902
107819,2042.7134
107820,2037.5911
107821,2026.3433
107822,2028.7074
107823,2010.6346
107824,1995.2485
107825,1982.3745
107826,1981.0188
107827,2055.7585
107828,2112.4358
107829,2097.1335
107830,2099.1458
107831,2066.1128
107832,1986.7981
107833,1714.6974
107834,1644.2014
107835,1621.3309
107836,1619.0148
107837,1617.1431
107838,1642.5723
107839,1744.339
107840,1875.7787
107841,1972.5554
107842,1989.8771
107843,1972.2316
107844,1960.4597
107845,1953.802
107846,1956.4718
107847,1936.34
107848,1919.7336
107849,1909.2573
107850,1913.9893
107851,1999.1688
107852,2056.8457
107853,2049.0688
107854,2041.4087
107855,1994.1455
107856,1922.8221
107857,1747.463
107858,1685.1575
107859,1645.2743
107860,1656.7297
107861,1659.9502
107862,1676.9409
107863,1742.0574
107864,1882.9023
107865,1983.4447
107866,1987.24
107867,1975.7987
107868,1963.9581
107869,1951.5297
107870,1960.9465
107871,1947.1603
107872,1925.4946
107873,1894.647
107874,1915.8873
107875,1972.6228
107876,2033.8007
107877,2026.8127
107878,2016.1969
107879,1975.456
107880,1905.2874
107881,1717.1161
107882,1676.609
107883,1654.824
107884,1657.977
107885,1651.3442
107886,1652.8535
107887,1706.8873
107888,1709.5482
107889,1814.0166
107890,1854.3646
107891,1867.3666
107892,1855.3575
107893,1847.7329
107894,1858.1077
107895,1837.3689
107896,1807.7816
107897,1804.1145
107898,1799.3624
107899,1887.4613
107900,1945.9281
107901,1934.5348
107902,1937.3574
107903,1884.4438
107904,1862.0748
107905,1754.3584
107906,1725.954
107907,1710.9054
107908,1686.122
107909,1685.4207
107910,1688.4092
107911,1736.7029
107912,1762.5201
107913,1879.8759
107914,1909.3158
107915,1883.3864
107916,1869.5472
107917,1857.7183
107918,1874.5638
107919,1886.0574
107920,1862.5579
107921,1861.9263
107922,1859.3358
107923,1946.9299
107924,2009.9357
107925,2020.4111
107926,2018.9106
107927,1970.3008
107928,1950.0319
107929,1765.6431
107930,1709.132
107931,1688.227
107932,1671.206
107933,1673.4089
107934,1687.8014
107935,1803.2928
107936,1971.9297
107937,2064.7356
107938,2058.3286
107939,2027.7946
107940,2036.6155
107941,2028.348
107942,2028.9087
107943,2032.1366
107944,2014.411
107945,2006.414
107946,2008.0076
107947,2078.6562
107948,2136.0554
107949,2148.8962
107950,2131.0571
107951,2076.4521
107952,2000.3171
107953,1776.0078
107954,1723.7579
107955,1700.8514
107956,1680.7379
107957,1680.2264
107958,1701.5613
107959,1813.6409
107960,1956.6617
107961,2058.9268
107962,2053.7903
107963,2023.038
107964,2025.2773
107965,2012.601
107966,2014.2764
107967,1998.9053
107968,1990.3245
107969,1989.2917
107970,1978.7356
107971,2051.805
107972,2111.7153
107973,2124.727
107974,2117.9019
107975,2070.207
107976,1987.1562
107977,1784.1459
107978,1732.3527
107979,1713.2955
107980,1691.4502
107981,1690.1709
107982,1711.0012
107983,1822.8414
107984,1968.5708
107985,2073.4072
107986,2067.6543
107987,2040.2878
107988,2044.5002
107989,2025.4133
107990,2024.0266
107991,2003.7069
107992,1990.6884
107993,1980.2549
107994,1983.9438
107995,2051.9163
107996,2111.1086
107997,2116.9868
107998,2109.2249
107999,2059.1943
108000,1977.8235
108001,1857.5358
108002,1804.2408
108003,1786.1659
108004,1771.1887
108005,1771.8916
108006,1786.438
108007,1898.985
108008,2039.7041
108009,2139.9082
108010,2143.7312
108011,2108.7903
108012,2115.4285
108013,2101.7788
108014,2102.856
108015,2083.1086
108016,2066.447
108017,2063.147
108018,2057.2053
108019,2140.137
108020,2193.812
108021,2205.896
108022,2188.3215
108023,2127.894
108024,2064.2373
108025,1886.0515
108026,1840.1182
108027,1807.9023
108028,1798.6917
108029,1809.2518
108030,1817.0485
108031,1893.2947
108032,2038.6594
108033,2142.1472
108034,2142.9277
108035,2105.817
108036,2107.4934
108037,2098.0725
108038,2106.2915
108039,2075.8918
108040,2063.0798
108041,2048.2214
108042,2038.92
108043,2095.3591
108044,2158.1218
108045,2182.6257
108046,2163.087
108047,2096.9038
108048,2039.9686
108049,1763.2112
108050,1742.4689
108051,1728.5669
108052,1726.4424
108053,1722.5876
108054,1725.9313
108055,1766.5046
108056,1804.9828
108057,1913.67
108058,1940.1196
108059,1930.3058
108060,1900.9375
108061,1900.4683
108062,1902.443
108063,1870.9799
108064,1853.1412
108065,1847.1552
108066,1842.6313
108067,1915.5946
108068,1985.0142
108069,1995.7896
108070,1986.2734
108071,1928.257
108072,1901.2323
108073,1624.4503
108074,1587.7711
108075,1583.1321
108076,1580.3553
108077,1570.6898
108078,1566.2021
108079,1612.4648
108080,1645.4941
108081,1749.8745
108082,1780.7589
108083,1762.5785
108084,1736.2017
108085,1721.2181
108086,1724.1775
108087,1743.9015
108088,1707.3364
108089,1718.1163
108090,1713.4933
108091,1792.3505
108092,1887.2711
108093,1888.6361
108094,1892.1852
108095,1822.473
108096,1827.5438
108097,1740.089
108098,1673.6593
108099,1658.738
108100,1665.1436
108101,1670.1769
108102,1670.4781
108103,1780.1447
108104,1958.7363
108105,2035.427
108106,2038.5803
108107,2017.0436
108108,2000.4474
108109,1986.9044
108110,1984.5474
108111,1975.4181
108112,1954.2534
108113,1958.03
108114,1954.833
108115,2025.3177
108116,2093.383
108117,2111.155
108118,2093.6663
108119,2031.6498
108120,1969.5929
108121,1915.9761
108122,1856.1459
108123,1841.7623
108124,1834.9598
108125,1848.019
108126,1863.7307
108127,1968.2816
108128,2118.3953
108129,2201.2375
108130,2206.15
108131,2179.478
108132,2168.455
108133,2150.454
108134,2146.5193
108135,2132.415
108136,2110.2664
108137,2100.9478
108138,2111.1113
108139,2166.268
108140,2235.2117
108141,2254.207
108142,2241.457
108143,2192.942
108144,2125.089
108145,1865.7843
108146,1816.7812
108147,1793.6526
108148,1786.7118
108149,1792.184
108150,1803.8048
108151,1904.8271
108152,2055.2183
108153,2139.1106
108154,2142.397
108155,2117.7302
108156,2109.3477
108157,2092.0898
108158,2088.555
108159,2071.4363
108160,2050.2095
108161,2034.3308
108162,2042.2822
108163,2111.4434
108164,2186.3582
108165,2197.3757
108166,2185.0076
108167,2131.4023
108168,2062.5093
108169,1831.1627
108170,1774.8442
108171,1761.0698
108172,1760.0955
108173,1762.4126
108174,1773.1887
108175,1878.9424
108176,2036.6719
108177,2117.229
108178,2127.796
108179,2087.6216
108180,2072.549
108181,2063.1152
108182,2057.7349
108183,2023.5371
108184,2012.1427
108185,1998.1285
108186,1994.5442
108187,2070.1055
108188,2132.5576
108189,2163.4463
108190,2146.7078
108191,2093.573
108192,2034.9723
108193,1804.9246
108194,1755.1375
108195,1716.887
108196,1723.4628
108197,1729.8079
108198,1733.7196
108199,1818.9464
108200,1975.8824
108201,2052.4783
108202,2059.3738
108203,2022.4817
108204,2014.6237
108205,1995.532
108206,1998.7316
108207,1970.7004
108208,1951.6396
108209,1932.3854
108210,1932.4636
108211,1992.7214
108212,2060.937
108213,2084.9177
108214,2066.7764
108215,1993.7876
108216,1946.2821
108217,1718.1312
108218,1704.6523
108219,1681.3387
108220,1686.2825
108221,1678.5618
108222,1678.3876
108223,1725.5723
108224,1771.8468
108225,1854.8666
108226,1887.8387
108227,1885.2509
108228,1857.3143
108229,1846.813
108230,1844.9276
108231,1830.8239
108232,1811.3613
108233,1797.3005
108234,1806.771
108235,1870.7817
108236,1948.6262
108237,1955.4282
108238,1951.6255
108239,1884.072
108240,1865.391
108241,1766.316
108242,1714.9355
108243,1716.1365
108244,1709.8638
108245,1715.9447
108246,1712.5884
108247,1745.2708
108248,1767.8822
108249,1874.8549
108250,1909.1221
108251,1898.4138
108252,1874.3644
108253,1863.426
108254,1886.8909
108255,1891.4672
108256,1857.5548
108257,1859.0839
108258,1857.632
108259,1907.552
108260,1984.2509
108261,1991.8917
108262,1992.8953
108263,1964.5399
108264,1957.9937
108265,1844.3457
108266,1759.0251
108267,1752.4777
108268,1748.7422
108269,1765.4696
108270,1792.361
108271,1886.674
108272,2049.3462
108273,2132.3936
108274,2140.59
108275,2117.3083
108276,2111.0156
108277,2100.6833
108278,2104.1143
108279,2076.0366
108280,2063.739
108281,2068.5754
108282,2057.1946
108283,2090.8184
108284,2170.7507
108285,2167.7292
108286,2173.4607
108287,2140.1785
108288,2064.8416
108289,1832.4518
108290,1768.4916
108291,1748.9989
108292,1744.496
108293,1753.3336
108294,1780.3983
108295,1872.2384
108296,2022.2711
108297,2106.112
108298,2109.1685
108299,2086.988
108300,2075.555
108301,2061.3613
108302,2071.1926
108303,2031.8987
108304,2026.7062
108305,2019.6355
108306,2021.3279
108307,2053.1804
108308,2127.5674
108309,2124.5623
108310,2132.7578
108311,2102.4949
108312,2033.123
108313,1834.6962
108314,1769.1909
108315,1755.6888
108316,1748.4939
108317,1744.3584
108318,1768.3174
108319,1868.4086
108320,2007.6107
108321,2101.424
108322,2103.6604
108323,2072.061
108324,2063.9558
108325,2058.4812
108326,2060.6755
108327,2027.1066
108328,2017.9578
108329,2007.7454
108330,2004.856
108331,2039.6571
108332,2110.4702
108333,2122.9546
108334,2124.4229
108335,2089.9436
108336,2014.2904
108337,1891.8046
108338,1834.0399
108339,1821.4148
108340,1811.0361
108341,1812.2904
108342,1842.641
108343,1933.7098
108344,2083.6948
108345,2171.5527
108346,2181.254
108347,2147.8303
108348,2129.2217
108349,2118.9148
108350,2125.209
108351,2092.7954
108352,2084.1084
108353,2079.0808
108354,2074.3584
108355,2124.636
108356,2201.4897
108357,2202.0938
108358,2204.226
108359,2169.8923
108360,2095.1497
108361,1942.727
108362,1881.4658
108363,1848.4963
108364,1852.8999
108365,1858.0199
108366,1880.1748
108367,1944.8237
108368,2083.6157
108369,2180.577
108370,2187.5322
108371,2164.1174
108372,2144.9304
108373,2140.6274
108374,2147.3103
108375,2117.1726
108376,2104.6863
108377,2099.1895
108378,2087.1377
108379,2111.1277
108380,2186.8157
108381,2195.6262
108382,2188.1785
108383,2147.1172
108384,2087.3652
108385,1875.2068
108386,1838.4027
108387,1831.538
108388,1837.9136
108389,1833.3772
108390,1836.5851
108391,1862.8468
108392,1898.1908
108393,1993.895
108394,2022.3448
108395,2033.7109
108396,2006.0579
108397,1994.4253
108398,2014.4427
108399,1975.2026
108400,1956.027
108401,1951.78
108402,1946.1754
108403,1981.1316
108404,2059.2065
108405,2063.7786
108406,2070.47
108407,2024.96
108408,2007.1743
108409,1777.7632
108410,1738.7765
108411,1725.4291
108412,1720.7634
108413,1723.9065
108414,1726.5966
108415,1785.2922
108416,1797.0565
108417,1903.5354
108418,1926.067
108419,1918.19
108420,1896.0509
108421,1876.773
108422,1903.1255
108423,1906.054
108424,1887.5917
108425,1880.3776
108426,1865.612
108427,1948.1808
108428,2011.5364
108429,2008.1737
108430,2036.467
108431,1993.2501
108432,1978.8394
108433,1831.6437
108434,1761.9291
108435,1765.2743
108436,1749.6168
108437,1753.853
108438,1797.1619
108439,1895.7734
108440,2045.8511
108441,2124.1797
108442,2123.8782
108443,2100.3777
108444,2110.7358
108445,2096.3633
108446,2091.9792
108447,2073.3154
108448,2058.2974
108449,2043.9957
108450,2040.5509
108451,2094.1497
108452,2149.531
108453,2150.7727
108454,2166.8691
108455,2134.3425
108456,2065.2222
108457,1779.2366
108458,1721.5032
108459,1703.8508
108460,1692.7811
108461,1703.5895
108462,1738.9553
108463,1840.7438
108464,1980.6011
108465,2065.5605
108466,2065.878
108467,2030.5631
108468,2024.4498
108469,2007.8795
108470,2013.4907
108471,1993.1256
108472,1981.9193
108473,1964.2994
108474,1964.7233
108475,2030.0522
108476,2090.1638
108477,2088.7832
108478,2113.1946
108479,2070.374
108480,1996.9282
108481,1712.2975
108482,1655.337
108483,1651.9817
108484,1640.528
108485,1636.7212
108486,1678.9236
108487,1778.6211
108488,1913.7384
108489,2000.2352
108490,1995.1254
108491,1966.826
108492,1957.5161
108493,1947.6053
108494,1945.1178
108495,1920.368
108496,1903.2015
108497,1894.8618
108498,1887.7491
108499,1952.0284
108500,2002.9999
108501,2016.1534
108502,2032.8175
108503,2001.6144
108504,1919.6243
108505,1806.1768
108506,1750.1754
108507,1744.7423
108508,1727.6035
108509,1726.8091
108510,1767.8271
108511,1863.526
108512,1995.2089
108513,2079.742
108514,2078.8098
108515,2050.801
108516,2050.9033
108517,2044.023
108518,2035.0253
108519,2012.8167
108520,2003.0391
108521,1989.964
108522,1976.0253
108523,2047.8639
108524,2090.3958
108525,2102.1013
108526,2116.154
108527,2084.8625
108528,2007.333
108529,1825.3346
108530,1775.0482
108531,1742.9009
108532,1734.6088
108533,1740.8582
108534,1774.1014
108535,1837.3492
108536,1972.6383
108537,2063.8271
108538,2065.6646
108539,2038.7377
108540,2026.7202
108541,2016.0071
108542,2022.1238
108543,1998.6754
108544,1984.9956
108545,1961.8378
108546,1948.1014
108547,2016.6976
108548,2060.1985
108549,2068.7017
108550,2077.142
108551,2037.2557
108552,1972.9421
108553,1777.5071
108554,1756.2811
108555,1736.9513
108556,1732.1818
108557,1731.9448
108558,1746.1754
108559,1790.7944
108560,1816.5419
108561,1914.1011
108562,1936.5458
108563,1943.3778
108564,1913.9937
108565,1900.4938
108566,1910.6603
108567,1891.2936
108568,1868.589
108569,1845.0585
108570,1842.1593
108571,1911.7964
108572,1970.7267
108573,1965.9456
108574,1990.5116
108575,1956.869
108576,1927.5599
108577,1766.8423
108578,1726.1105
108579,1724.9866
108580,1711.4714
108581,1716.7272
108582,1712.1667
108583,1775.9111
108584,1798.5292
108585,1892.9761
108586,1911.118
108587,1896.5155
108588,1861.5386
108589,1854.8236
108590,1882.0343
108591,1897.0149
108592,1869.5918
108593,1866.366
108594,1858.4147
108595,1944.0156
108596,2003.5765
108597,2015.3322
108598,2031.514
108599,1982.1649
108600,1959.0006
108601,1805.7845
108602,1728.1621
108603,1739.5278
108604,1715.2601
108605,1736.956
108606,1750.1384
108607,1863.5889
108608,2020.8513
108609,2091.7913
108610,2094.2727
108611,2066.7043
108612,2066.7085
108613,2058.4133
108614,2066.1113
108615,2043.3734
108616,2032.3402
108617,2026.0289
108618,2013.662
108619,2069.1978
108620,2145.4216
108621,2146.8071
108622,2153.8794
108623,2098.275
108624,2042.0592
108625,1702.5087
108626,1650.3053
108627,1630.3127
108628,1616.7196
108629,1631.6346
108630,1642.1371
108631,1751.0782
108632,1903.7783
108633,1980.013
108634,1969.217
108635,1945.798
108636,1928.553
108637,1923.5162
108638,1930.016
108639,1912.0824
108640,1911.375
108641,1892.7494
108642,1883.0149
108643,1954.5048
108644,2026.8572
108645,2018.8085
108646,2031.6029
108647,1976.62
108648,1908.0319
108649,1711.5682
108650,1651.9683
108651,1644.8298
108652,1617.197
108653,1624.5881
108654,1640.6863
108655,1750.6473
108656,1895.0406
108657,1975.3314
108658,1961.0059
108659,1937.8418
108660,1926.8309
108661,1925.481
108662,1929.7754
108663,1907.3901
108664,1902.7306
108665,1883.8743
108666,1878.6382
108667,1948.4023
108668,2015.3397
108669,2015.6277
108670,2029.0319
108671,1975.7136
108672,1906.0532
108673,1719.6292
108674,1656.0416
108675,1651.6777
108676,1633.0397
108677,1644.9331
108678,1660.2219
108679,1763.6792
108680,1911.2546
108681,1987.4329
108682,1979.2979
108683,1955.2341
108684,1941.3573
108685,1943.9082
108686,1941.4427
108687,1912.9438
108688,1911.4885
108689,1897.9026
108690,1882.2788
108691,1948.7361
108692,2015.0863
108693,2024.2053
108694,2030.3508
108695,1980.7684
108696,1919.0956
108697,1801.0865
108698,1745.1051
108699,1726.5415
108700,1718.867
108701,1733.1852
108702,1743.1948
108703,1816.3317
108704,1971.5502
108705,2045.5492
108706,2039.4349
108707,2018.4156
108708,1995.8511
108709,1992.9209
108710,1994.3875
108711,1962.0844
108712,1958.7026
108713,1933.9032
108714,1918.0571
108715,1977.5819
108716,2042.5385
108717,2047.0032
108718,2050.2139
108719,2004.4265
108720,1946.9578
108721,1699.7057
108722,1673.1632
108723,1661.961
108724,1655.5889
108725,1665.2498
108726,1653.2727
108727,1711.5338
108728,1735.5376
108729,1816.3798
108730,1834.0243
108731,1835.1954
108732,1811.3333
108733,1810.5774
108734,1821.012
108735,1793.545
108736,1780.4224
108737,1766.6306
108738,1750.5037
108739,1832.4966
108740,1888.7748
108741,1905.1974
108742,1911.3098
108743,1857.7616
108744,1825.5498
108745,1749.3506
108746,1710.2178
108747,1704.697
108748,1713.2733
108749,1704.1311
108750,1706.2261
108751,1769.204
108752,1764.1029
108753,1870.5317
108754,1881.6869
108755,1867.8705
108756,1843.2333
108757,1831.212
108758,1846.8181
108759,1860.9219
108760,1819.6268
108761,1826.961
108762,1818.3492
108763,1890.1034
108764,1960.8455
108765,1993.8262
108766,1997.7235
108767,1947.9675
108768,1925.3865
108769,1882.4727
108770,1812.4052
108771,1793.7174
108772,1798.6428
108773,1801.2057
108774,1829.8182
108775,1945.9126
108776,2097.9285
108777,2173.4856
108778,2165.798
108779,2140.032
108780,2126.8672
108781,2121.5361
108782,2118.5908
108783,2090.8896
108784,2066.5186
108785,2071.4524
108786,2066.7307
108787,2114.1028
108788,2173.1604
108789,2207.8381
108790,2199.9382
108791,2156.8206
108792,2080.4526
108793,1793.8612
108794,1739.0215
108795,1719.4255
108796,1722.0011
108797,1725.1964
108798,1743.8635
108799,1861.0914
108800,1991.4094
108801,2075.1675
108802,2063.5461
108803,2034.5046
108804,2021.0939
108805,2004.6436
108806,2011.4982
108807,1992.1816
108808,1963.4814
108809,1957.5255
108810,1961.5804
108811,2000.5856
108812,2072.2986
108813,2092.9124
108814,2099.717
108815,2050.6274
108816,1979.6832
108817,1830.2244
108818,1773.6932
108819,1758.148
108820,1758.7102
108821,1753.7311
108822,1776.932
108823,1889.3024
108824,2011.6649
108825,2098.7893
108826,2084.6252
108827,2060.5383
108828,2046.7416
108829,2036.0198
108830,2035.46
108831,2014.3147
108832,1996.4658
108833,1987.6461
108834,1993.1066
108835,2036.6335
108836,2097.168
108837,2127.395
108838,2128.6343
108839,2087.1687
108840,2005.2761
108841,1794.2014
108842,1739.4824
108843,1727.0544
108844,1724.8158
108845,1707.9387
108846,1740.0317
108847,1845.2057
108848,1986.2561
108849,2064.9563
108850,2055.3018
108851,2030.691
108852,2017.5498
108853,2010.1302
108854,2002.6927
108855,1975.0764
108856,1963.3523
108857,1950.65
108858,1952.9553
108859,1993.6104
108860,2056.8262
108861,2081.3486
108862,2081.23
108863,2036.6582
108864,1966.668
108865,1778.0392
108866,1747.1151
108867,1694.5498
108868,1699.47
108869,1705.4258
108870,1725.2039
108871,1798.4264
108872,1948.141
108873,2033.8428
108874,2063.4302
108875,2049.12
108876,2024.4869
108877,2012.5092
108878,2014.1935
108879,1996.4751
108880,1963.6805
108881,1962.3275
108882,1957.0586
108883,1967.9379
108884,2021.7692
108885,2071.1335
108886,2072.4792
108887,2026.4803
108888,1968.9415
108889,1741.3838
108890,1712.4688
108891,1672.5111
108892,1691.0665
108893,1684.2048
108894,1682.8474
108895,1740.1013
108896,1769.4818
108897,1853.5526
108898,1912.0034
108899,1920.9186
108900,1912.0773
108901,1902.0344
108902,1906.7112
108903,1889.7792
108904,1847.1691
108905,1853.0975
108906,1841.5092
108907,1863.663
108908,1922.2455
108909,1967.9032
108910,1977.4408
108911,1946.7799
108912,1879.896
108913,1496.8868
108914,1474.5219
108915,1467.7843
108916,1452.0612
108917,1442.404
108918,1462.6133
108919,1482.5554
108920,1488.6221
108921,1597.6198
108922,1606.924
108923,1621.6211
108924,1612.1721
108925,1623.2294
108926,1634.2921
108927,1646.4686
108928,1611.4954
108929,1614.8035
108930,1591.0404
108931,1634.694
108932,1673.3296
108933,1707.7455
108934,1730.258
108935,1705.2396
108936,1644.3058
108937,1508.15
108938,1491.7678
108939,1486.119
108940,1476.5475
108941,1478.6917
108942,1502.5261
108943,1582.7277
108944,1721.3003
108945,1837.5886
108946,1831.5643
108947,1831.8794
108948,1815.5597
108949,1817.3477
108950,1823.6215
108951,1809.8064
108952,1785.425
108953,1784.3314
108954,1753.1267
108955,1788.1633
108956,1822.3497
108957,1848.1849
108958,1865.3745
108959,1834.9104
108960,1766.89
108961,1535.6904
108962,1518.0474
108963,1508.6406
108964,1501.4918
108965,1488.5983
108966,1522.0558
108967,1596.9319
108968,1740.3019
108969,1840.2852
108970,1829.4365
108971,1838.5028
108972,1808.9872
108973,1814.5933
108974,1825.3005
108975,1801.0276
108976,1783.8798
108977,1770.9513
108978,1760.0887
108979,1781.8601
108980,1816.8802
108981,1836.5779
108982,1854.9233
108983,1837.5709
108984,1771.6523
108985,1509.3136
108986,1485.9495
108987,1474.0061
108988,1458.3145
108989,1443.8317
108990,1479.6484
108991,1541.6877
108992,1679.15
108993,1793.1155
108994,1775.2083
108995,1786.4878
108996,1771.4137
108997,1771.0693
108998,1775.1992
108999,1755.8948
109000,1735.6882
109001,1718.2256
109002,1709.9675
109003,1724.315
109004,1770.0376
109005,1787.8829
109006,1809.3792
109007,1796.236
109008,1721.0094
109009,1521.0862
109010,1506.3898
109011,1492.9514
109012,1485.5571
109013,1478.1823
109014,1499.3761
109015,1570.2877
109016,1709.6217
109017,1824.0933
109018,1805.7577
109019,1802.816
109020,1787.9122
109021,1797.0734
109022,1792.1083
109023,1766.2434
109024,1762.4524
109025,1740.7577
109026,1722.0094
109027,1735.6654
109028,1761.248
109029,1792.504
109030,1813.0562
109031,1804.8582
109032,1734.327
109033,1553.6127
109034,1537.8802
109035,1498.3461
109036,1502.6603
109037,1500.6248
109038,1520.0328
109039,1554.463
109040,1702.8623
109041,1812.7903
109042,1795.6201
109043,1801.1283
109044,1781.3262
109045,1783.6731
109046,1790.841
109047,1762.0454
109048,1747.6122
109049,1735.1908
109050,1712.5977
109051,1735.4187
109052,1761.3428
109053,1789.8353
109054,1809.0625
109055,1785.7933
109056,1716.862
109057,1467.1758
109058,1448.8723
109059,1430.0337
109060,1429.0951
109061,1416.2523
109062,1426.5721
109063,1451.4368
109064,1470.8098
109065,1583.7499
109066,1587.2269
109067,1613.7085
109068,1613.6764
109069,1628.5117
109070,1627.9437
109071,1605.8871
109072,1577.4059
109073,1576.9684
109074,1545.7607
109075,1578.8857
109076,1590.7502
109077,1637.5784
109078,1651.4287
109079,1638.5596
109080,1560.4081
109081,1423.2817
109082,1349.8011
109083,1315.1285
109084,1303.0654
109085,1300.7576
109086,1306.318
109087,1343.5604
109088,1416.2794
109089,1455.2145
109090,1468.8787
109091,1490.369
109092,1489.9059
109093,1491.8387
109094,1505.3506
109095,1505.3143
109096,1468.3708
109097,1464.2455
109098,1445.1906
109099,1515.1703
109100,1532.5302
109101,1577.6835
109102,1610.4072
109103,1582.0087
109104,1519.3829
109105,1513.7449
109106,1445.6143
109107,1414.9124
109108,1395.7931
109109,1404.143
109110,1433.3398
109111,1528.7281
109112,1736.227
109113,1785.1475
109114,1777.4108
109115,1787.746
109116,1776.7053
109117,1773.8212
109118,1777.9418
109119,1753.7045
109120,1731.7068
109121,1725.2588
109122,1704.0614
109123,1741.3976
109124,1750.3226
109125,1793.9982
109126,1811.8134
109127,1786.0657
109128,1708.6903
109129,1579.0308
109130,1502.522
109131,1461.0353
109132,1448.1904
109133,1450.6365
109134,1478.4736
109135,1557.5038
109136,1783.1006
109137,1813.792
109138,1804.9056
109139,1825.7378
109140,1811.6572
109141,1796.3265
109142,1808.9705
109143,1772.1102
109144,1762.9531
109145,1743.634
109146,1734.2379
109147,1759.9713
109148,1777.688
109149,1799.7646
109150,1837.7883
109151,1820.1145
109152,1748.9479
109153,1574.1702
109154,1494.957
109155,1452.4049
109156,1444.2168
109157,1433.8741
109158,1461.4946
109159,1555.8501
109160,1766.5026
109161,1806.1968
109162,1794.3727
109163,1809.9097
109164,1799.9785
109165,1777.6241
109166,1791.438
109167,1753.9318
109168,1738.9355
109169,1737.0394
109170,1710.9061
109171,1751.3837
109172,1766.3103
109173,1794.55
109174,1819.4786
109175,1806.1637
109176,1726.68
109177,1554.736
109178,1479.3424
109179,1447.7509
109180,1433.495
109181,1420.2977
109182,1453.0707
109183,1542.7778
109184,1759.8306
109185,1798.0316
109186,1784.1603
109187,1797.5054
109188,1778.7096
109189,1767.4404
109190,1772.7253
109191,1740.6544
109192,1728.2981
109193,1721.9312
109194,1702.0477
109195,1732.9845
109196,1734.6702
109197,1774.1277
109198,1801.3654
109199,1784.2396
109200,1714.5586
109201,1494.3322
109202,1418.4878
109203,1359.7656
109204,1348.2922
109205,1352.681
109206,1376.0826
109207,1434.7528
109208,1658.5934
109209,1686.3691
109210,1684.14
109211,1693.1104
109212,1674.8242
109213,1663.4446
109214,1677.3518
109215,1636.8724
109216,1620.5571
109217,1615.7306
109218,1594.4503
109219,1621.5043
109220,1634.1708
109221,1669.971
109222,1700.5221
109223,1668.729
109224,1597.5591
109225,1439.0951
109226,1368.9363
109227,1337.5314
109228,1336.2621
109229,1331.8082
109230,1339.0629
109231,1375.1202
109232,1470.9417
109233,1504.7722
109234,1515.0997
109235,1549.911
109236,1545.8959
109237,1548.2653
109238,1552.6792
109239,1516.8181
109240,1486.2725
109241,1481.651
109242,1461.7578
109243,1496.7096
109244,1495.5253
109245,1552.801
109246,1572.3259
109247,1561.3821
109248,1491.5591
109249,1449.9485
109250,1356.3638
109251,1345.8309
109252,1324.425
109253,1329.803
109254,1342.8896
109255,1364.2627
109256,1440.6504
109257,1478.6606
109258,1497.9557
109259,1512.429
109260,1504.7892
109261,1508.4297
109262,1524.0684
109263,1538.9324
109264,1509.7402
109265,1521.6859
109266,1495.6813
109267,1534.1831
109268,1567.8822
109269,1596.4098
109270,1624.9879
109271,1605.6605
109272,1566.0519
109273,1502.1785
109274,1403.289
109275,1386.4639
109276,1372.5353
109277,1396.4332
109278,1418.4436
109279,1509.321
109280,1718.0183
109281,1759.6938
109282,1761.6769
109283,1766.9249
109284,1751.6963
109285,1755.0259
109286,1760.8427
109287,1741.212
109288,1719.3945
109289,1721.4321
109290,1695.7555
109291,1727.7739
109292,1742.4117
109293,1783.4938
109294,1798.8601
109295,1776.3997
109296,1708.869
109297,1521.5361
109298,1419.1549
109299,1405.606
109300,1391.6777
109301,1406.5282
109302,1441.5018
109303,1520.8046
109304,1724.485
109305,1760.7208
109306,1744.8228
109307,1764.4419
109308,1738.4476
109309,1733.3257
109310,1749.6427
109311,1727.3116
109312,1703.1536
109313,1697.8508
109314,1687.4395
109315,1712.1003
109316,1734.6136
109317,1765.7545
109318,1783.0609
109319,1767.5957
109320,1709.9857
109321,1553.055
109322,1451.9497
109323,1422.2502
109324,1413.633
109325,1419.4789
109326,1448.4081
109327,1524.3951
109328,1733.4143
109329,1769.7489
109330,1756.0242
109331,1777.3096
109332,1751.469
109333,1744.5961
109334,1754.7609
109335,1735.775
109336,1716.5654
109337,1707.8887
109338,1699.3839
109339,1723.3164
109340,1748.641
109341,1769.1936
109342,1794.8918
109343,1790.1711
109344,1715.6509
109345,1595.3031
109346,1486.366
109347,1470.5066
109348,1453.1382
109349,1464.1508
109350,1493.7999
109351,1574.986
109352,1779.2742
109353,1814.5022
109354,1810.6896
109355,1814.3463
109356,1801.9574
109357,1796.7834
109358,1804.8761
109359,1775.6311
109360,1761.7783
109361,1759.4869
109362,1739.1447
109363,1759.7739
109364,1772.7384
109365,1806.5032
109366,1825.6754
109367,1826.3201
109368,1762.8589
109369,1618.277
109370,1522.8757
109371,1473.4391
109372,1472.2172
109373,1483.5576
109374,1504.6902
109375,1550.7562
109376,1766.5828
109377,1797.7588
109378,1786.1973
109379,1807.3638
109380,1786.8148
109381,1780.1193
109382,1795.3035
109383,1775.7515
109384,1758.4645
109385,1747.126
109386,1725.0363
109387,1741.8525
109388,1754.8042
109389,1779.3599
109390,1800.1221
109391,1795.5101
109392,1733.0316
109393,1455.3616
109394,1356.9518
109395,1334.0377
109396,1325.169
109397,1316.9181
109398,1332.2949
109399,1345.2441
109400,1448.2693
109401,1476.7938
109402,1489.2764
109403,1544.5468
109404,1543.1024
109405,1544.5012
109406,1560.4302
109407,1541.3195
109408,1520.2765
109409,1508.4957
109410,1495.8884
109411,1516.0117
109412,1529.7023
109413,1538.892
109414,1577.7982
109415,1578.1597
109416,1524.3192
109417,1421.7014
109418,1321.7509
109419,1298.5497
109420,1297.0587
109421,1279.4713
109422,1292.5648
109423,1314.769
109424,1394.4277
109425,1420.0912
109426,1440.8661
109427,1479.0598
109428,1478.5013
109429,1500.886
109430,1523.3021
109431,1513.0282
109432,1481.054
109433,1476.1921
109434,1465.0481
109435,1506.3416
109436,1552.2468
109437,1577.1686
109438,1618.0227
109439,1583.8156
109440,1502.2498
109441,1438.474
109442,1345.4939
109443,1324.3616
109444,1330.0343
109445,1331.262
109446,1345.5511
109447,1448.338
109448,1641.6895
109449,1690.3561
109450,1682.0121
109451,1681.7566
109452,1679.3246
109453,1696.2527
109454,1706.9452
109455,1702.6935
109456,1680.1809
109457,1667.1754
109458,1663.2607
109459,1690.6152
109460,1694.8138
109461,1732.6636
109462,1762.267
109463,1718.3916
109464,1627.0312
109465,1485.3923
109466,1383.6167
109467,1361.8816
109468,1367.0223
109469,1362.3656
109470,1386.3005
109471,1477.3206
109472,1663.6652
109473,1704.3512
109474,1701.8163
109475,1697.8463
109476,1689.8538
109477,1711.3983
109478,1723.4463
109479,1712.0366
109480,1697.3732
109481,1682.0153
109482,1675.2615
109483,1703.6321
109484,1714.8372
109485,1747.3607
109486,1776.0002
109487,1734.0302
109488,1647.2181
109489,1453.1112
109490,1352.7115
109491,1333.4559
109492,1336.6952
109493,1322.3276
109494,1347.1755
109495,1437.8436
109496,1618.698
109497,1662.0292
109498,1654.6544
109499,1661.2825
109500,1648.6965
109501,1668.3522
109502,1685.843
109503,1668.3885
109504,1651.1742
109505,1631.5225
109506,1620.0726
109507,1654.6443
109508,1669.786
109509,1700.5099
109510,1729.1079
109511,1693.4286
109512,1601.6511
109513,1455.3733
109514,1352.6454
109515,1337.1407
109516,1346.3784
109517,1332.2521
109518,1353.7554
109519,1448.331
109520,1637.4469
109521,1686.6151
109522,1680.7568
109523,1674.0692
109524,1658.195
109525,1681.3038
109526,1695.8181
109527,1666.4669
109528,1663.4017
109529,1644.3657
109530,1635.2516
109531,1652.9597
109532,1650.3103
109533,1696.9423
109534,1725.0356
109535,1707.84
109536,1613.2072
109537,1444.5847
109538,1342.3708
109539,1299.8386
109540,1315.7047
109541,1315.4618
109542,1328.5427
109543,1388.733
109544,1578.0448
109545,1619.0728
109546,1621.5535
109547,1616.6322
109548,1604.2385
109549,1619.3629
109550,1643.0269
109551,1624.6217
109552,1604.9575
109553,1578.5735
109554,1571.1039
109555,1583.18
109556,1599.268
109557,1634.4703
109558,1674.0045
109559,1616.3353
109560,1548.3292
109561,1357.4152
109562,1244.1086
109563,1219.1144
109564,1226.7368
109565,1219.672
109566,1227.3368
109567,1246.3755
109568,1320.409
109569,1371.825
109570,1398.565
109571,1414.0759
109572,1415.9606
109573,1429.2972
109574,1451.8411
109575,1445.3868
109576,1411.5413
109577,1401.2473
109578,1390.309
109579,1408.1832
109580,1448.2413
109581,1481.0264
109582,1514.8015
109583,1481.1682
109584,1418.1754
109585,1328.6523
109586,1250.4921
109587,1220.0353
109588,1213.8702
109589,1206.2867
109590,1202.0223
109591,1230.6865
109592,1307.3971
109593,1342.8785
109594,1350.2386
109595,1384.7333
109596,1383.5125
109597,1405.2283
109598,1436.9865
109599,1400.1581
109600,1371.967
109601,1373.2869
109602,1345.8597
109603,1400.7122
109604,1434.0544
109605,1463.6672
109606,1514.341
109607,1480.575
109608,1393.7563
109609,1408.1367
109610,1332.4066
109611,1277.264
109612,1264.8748
109613,1266.8683
109614,1279.6674
109615,1382.4585
109616,1599.7168
109617,1642.2224
109618,1655.236
109619,1662.4962
109620,1660.7655
109621,1682.9086
109622,1699.8522
109623,1698.1945
109624,1682.9916
109625,1656.3645
109626,1659.8739
109627,1678.48
109628,1653.4226
109629,1676.74
109630,1714.4496
109631,1686.8688
109632,1621.8864
109633,1488.592
109634,1407.8252
109635,1348.1449
109636,1327.4965
109637,1333.7415
109638,1354.3519
109639,1448.3384
109640,1668.073
109641,1707.4374
109642,1715.2097
109643,1717.7496
109644,1710.5204
109645,1723.124
109646,1755.8022
109647,1747.3977
109648,1730.2958
109649,1697.5034
109650,1701.8315
109651,1722.5292
109652,1706.3751
109653,1720.1068
109654,1775.637
109655,1748.7225
109656,1672.6764
109657,1486.4875
109658,1397.7919
109659,1343.1157
109660,1328.6334
109661,1326.1847
109662,1336.836
109663,1436.7262
109664,1651.5553
109665,1694.0251
109666,1696.0721
109667,1698.6902
109668,1689.5967
109669,1709.023
109670,1733.5859
109671,1721.3253
109672,1705.1932
109673,1672.9543
109674,1677.1469
109675,1700.8295
109676,1665.7885
109677,1692.7325
109678,1745.7705
109679,1724.0646
109680,1650.8041
109681,1441.3972
109682,1361.0592
109683,1312.8167
109684,1295.7938
109685,1290.3113
109686,1301.7157
109687,1400.2517
109688,1613.3527
109689,1654.2379
109690,1660.6959
109691,1664.9725
109692,1658.6434
109693,1674.1917
109694,1696.854
109695,1696.7604
109696,1683.5607
109697,1650.1554
109698,1649.5659
109699,1658.8955
109700,1628.3827
109701,1656.9856
109702,1704.8114
109703,1690.4836
109704,1622.918
109705,1464.1067
109706,1388.8845
109707,1314.6082
109708,1308.3146
109709,1300.3948
109710,1315.6847
109711,1382.0211
109712,1603.6027
109713,1633.7372
109714,1651.5093
109715,1648.56
109716,1642.7809
109717,1664.6224
109718,1694.874
109719,1676.9456
109720,1662.3422
109721,1622.1564
109722,1625.7227
109723,1644.2368
109724,1604.6466
109725,1632.546
109726,1669.1167
109727,1648.694
109728,1583.2307
109729,1426.596
109730,1339.802
109731,1268.1411
109732,1257.6819
109733,1247.8651
109734,1251.3862
109735,1275.6372
109736,1383.055
109737,1417.6268
109738,1456.9545
109739,1484.758
109740,1490.0675
109741,1504.4283
109742,1541.1897
109743,1531.8474
109744,1504.2396
109745,1474.507
109746,1473.6609
109747,1498.5983
109748,1496.7114
109749,1509.9248
109750,1556.5109
109751,1551.7721
109752,1493.6884
109753,1446.0106
109754,1364.7537
109755,1313.5516
109756,1290.921
109757,1291.6245
109758,1279.1907
109759,1304.6943
109760,1388.4337
109761,1417.032
109762,1435.7633
109763,1487.1648
109764,1498.0953
109765,1522.1492
109766,1559.7502
109767,1565.4794
109768,1541.4498
109769,1527.0867
109770,1513.5651
109771,1562.0847
109772,1554.1145
109773,1560.1637
109774,1611.7859
109775,1621.9307
109776,1546.5826
109777,1461.3556
109778,1382.557
109779,1328.6959
109780,1306.7845
109781,1315.1029
109782,1332.382
109783,1442.9738
109784,1651.5898
109785,1693.7999
109786,1702.4915
109787,1710.9369
109788,1710.5664
109789,1736.2886
109790,1743.755
109791,1744.2615
109792,1737.859
109793,1718.4187
109794,1705.1656
109795,1715.5538
109796,1700.4661
109797,1704.3464
109798,1744.1481
109799,1749.5397
109800,1672.3677
109801,1471.8325
109802,1382.2594
109803,1325.0972
109804,1314.2528
109805,1321.0962
109806,1333.9677
109807,1436.4022
109808,1660.2449
109809,1696.448
109810,1691.7042
109811,1704.4843
109812,1684.338
109813,1709.8032
109814,1725.4181
109815,1720.8081
109816,1718.7389
109817,1690.547
109818,1680.7175
109819,1689.5833
109820,1674.0366
109821,1682.2628
109822,1726.7836
109823,1723.6427
109824,1653.5898
109825,1466.0776
109826,1376.7117
109827,1321.0354
109828,1311.1078
109829,1309.8842
109830,1323.1669
109831,1421.7281
109832,1640.8516
109833,1679.435
109834,1681.0226
109835,1691.2032
109836,1665.0026
109837,1689.8812
109838,1703.5812
109839,1702.2684
109840,1694.8323
109841,1670.1782
109842,1662.1576
109843,1687.3453
109844,1663.5095
109845,1670.991
109846,1717.7913
109847,1718.3998
109848,1635.6018
109849,1491.3147
109850,1399.7585
109851,1358.6489
109852,1340.8182
109853,1337.0316
109854,1360.8523
109855,1457.6779
109856,1673.1732
109857,1711.1226
109858,1710.8433
109859,1726.4427
109860,1705.4125
109861,1726.2582
109862,1738.9272
109863,1743.0609
109864,1736.2828
109865,1708.9445
109866,1699.4584
109867,1698.4894
109868,1676.2278
109869,1690.218
109870,1724.3761
109871,1743.2692
109872,1671.6174
109873,1476.4998
109874,1390.794
109875,1327.1718
109876,1309.5555
109877,1315.2179
109878,1329.367
109879,1395.8798
109880,1615.801
109881,1649.3535
109882,1651.121
109883,1672.1199
109884,1654.2577
109885,1671.3577
109886,1697.6576
109887,1691.0118
109888,1684.9907
109889,1667.751
109890,1646.8047
109891,1660.0912
109892,1627.0161
109893,1640.0227
109894,1675.9014
109895,1684.3225
109896,1611.5847
109897,1453.6079
109898,1369.5232
109899,1306.0417
109900,1287.7516
109901,1279.8506
109902,1269.0626
109903,1307.7227
109904,1402.0917
109905,1432.7528
109906,1460.9703
109907,1506.3724
109908,1521.7639
109909,1537.6711
109910,1575.8158
109911,1567.2191
109912,1555.0028
109913,1531.9844
109914,1516.939
109915,1540.4122
109916,1521.9781
109917,1524.5369
109918,1572.0658
109919,1594.2847
109920,1524.1324
109921,1280.623
109922,1207.2429
109923,1148.7295
109924,1114.1743
109925,1113.8082
109926,1115.3667
109927,1139.2286
109928,1209.0074
109929,1229.9736
109930,1284.0645
109931,1314.9336
109932,1344.9454
109933,1372.111
109934,1425.1918
109935,1429.3845
109936,1417.2637
109937,1388.8971
109938,1401.5253
109939,1442.7633
109940,1449.0931
109941,1429.6616
109942,1496.4797
109943,1494.7412
109944,1416.4535
109945,1288.6006
109946,1212.0323
109947,1147.7133
109948,1121.9789
109949,1141.6627
109950,1159.2351
109951,1262.4053
109952,1455.2736
109953,1495.1296
109954,1529.9983
109955,1528.764
109956,1544.0321
109957,1565.4401
109958,1604.826
109959,1617.7739
109960,1621.0667
109961,1588.6205
109962,1578.4064
109963,1593.581
109964,1577.5404
109965,1568.068
109966,1613.9154
109967,1624.1017
109968,1526.4633
109969,1352.5216
109970,1275.8983
109971,1204.37
109972,1191.591
109973,1206.2787
109974,1229.2649
109975,1314.0634
109976,1520.6687
109977,1554.9723
109978,1578.4104
109979,1583.9226
109980,1574.018
109981,1600.3496
109982,1643.9397
109983,1641.3322
109984,1644.8776
109985,1611.9531
109986,1609.1252
109987,1624.2736
109988,1609.3639
109989,1595.3998
109990,1645.7307
109991,1653.5145
109992,1569.7719
109993,1384.6246
109994,1295.0673
109995,1232.9807
109996,1218.9513
109997,1215.2263
109998,1235.808
109999,1327.3645
110000,1524.1915
110001,1561.8475
110002,1590.6278
110003,1588.8779
110004,1590.2936
110005,1613.7494
110006,1655.0778
110007,1650.4072
110008,1656.3671
110009,1623.5642
110010,1610.0212
110011,1632.6644
110012,1612.7137
110013,1612.8629
110014,1654.9014
110015,1668.5646
110016,1578.4764
110017,1389.1473
110018,1304.399
110019,1246.4329
110020,1221.8016
110021,1230.2175
110022,1247.3662
110023,1345.8208
110024,1543.8596
110025,1582.1392
110026,1613.6355
110027,1613.4348
110028,1601.3611
110029,1626.6462
110030,1669.9021
110031,1667.062
110032,1674.5844
110033,1644.7446
110034,1623.8922
110035,1639.0538
110036,1618.6133
110037,1617.532
110038,1656.0411
110039,1680.7533
110040,1597.9341
110041,1368.2129
110042,1286.084
110043,1205.6707
110044,1182.4104
110045,1197.1233
110046,1209.3435
110047,1275.7571
110048,1470.361
110049,1501.2496
110050,1537.587
110051,1544.9266
110052,1543.5348
110053,1564.2614
110054,1616.5953
110055,1610.992
110056,1613.2766
110057,1583.2094
110058,1568.2047
110059,1591.8256
110060,1570.0183
110061,1564.8705
110062,1601.981
110063,1604.9922
110064,1527.6438
110065,1339.9104
110066,1261.3104
110067,1185.441
110068,1159.3263
110069,1160.6173
110070,1168.686
110071,1193.724
110072,1277.5138
110073,1313.6533
110074,1368.9839
110075,1391.8789
110076,1407.821
110077,1435.8839
110078,1485.3279
110079,1491.4713
110080,1483.6971
110081,1437.8031
110082,1448.2882
110083,1462.0288
110084,1460.2185
110085,1444.6034
110086,1501.4331
110087,1517.5038
110088,1434.5609
110089,1342.6874
110090,1250.6824
110091,1209.4315
110092,1162.6549
110093,1162.8164
110094,1172.8519
110095,1186.3606
110096,1258.8081
110097,1283.7273
110098,1336.2582
110099,1382.65
110100,1410.5894
110101,1417.3843
110102,1482.0067
110103,1482.1554
110104,1463.533
110105,1474.0853
110106,1468.115
110107,1479.1749
110108,1487.138
110109,1463.293
110110,1537.8743
110111,1546.2329
110112,1469.4479
110113,1408.9773
110114,1331.2023
110115,1273.8635
110116,1246.1719
110117,1255.563
110118,1279.7651
110119,1377.581
110120,1570.6582
110121,1611.5457
110122,1639.1676
110123,1657.8726
110124,1676.3213
110125,1695.9105
110126,1733.8285
110127,1733.8046
110128,1735.759
110129,1725.7375
110130,1718.2162
110131,1710.9199
110132,1685.5583
110133,1681.5359
110134,1726.9568
110135,1741.2164
110136,1643.4691
110137,1341.793
110138,1250.0364
110139,1190.7412
110140,1173.7063
110141,1174.662
110142,1208.5264
110143,1286.3904
110144,1486.7224
110145,1527.2913
110146,1541.3784
110147,1561.4757
110148,1564.7871
110149,1577.8738
110150,1621.0276
110151,1628.1611
110152,1627.1425
110153,1621.2594
110154,1618.3464
110155,1611.0867
110156,1581.2214
110157,1566.0122
110158,1618.0995
110159,1635.0382
110160,1528.6969
110161,1377.9989
110162,1284.2168
110163,1229.2463
110164,1207.878
110165,1209.8744
110166,1238.285
110167,1308.3962
110168,1507.344
110169,1551.1477
110170,1565.9297
110171,1595.5758
110172,1600.2611
110173,1613.7448
110174,1657.5903
110175,1654.5643
110176,1651.4904
110177,1647.4543
110178,1641.5658
110179,1626.7267
110180,1603.9421
110181,1596.7317
110182,1645.6722
110183,1666.4762
110184,1564.0432
110185,1394.0258
110186,1298.4115
110187,1253.4868
110188,1231.8077
110189,1229.4075
110190,1259.9751
110191,1339.9352
110192,1540.4822
110193,1575.3406
110194,1596.2246
110195,1615.0922
110196,1621.4218
110197,1632.609
110198,1673.5244
110199,1676.0735
110200,1672.6504
110201,1664.9031
110202,1661.3068
110203,1635.8746
110204,1601.5522
110205,1606.9142
110206,1651.5702
110207,1677.1327
110208,1582.689
110209,1428.6339
110210,1338.7976
110211,1269.5
110212,1251.3396
110213,1256.5063
110214,1279.3362
110215,1327.0984
110216,1520.406
110217,1553.0577
110218,1578.8726
110219,1594.5681
110220,1607.6212
110221,1621.5184
110222,1671.6084
110223,1663.2222
110224,1657.5332
110225,1651.6152
110226,1641.65
110227,1626.8474
110228,1588.2866
110229,1594.6715
110230,1629.7474
110231,1638.2805
110232,1553.1119
110233,1330.0502
110234,1247.6486
110235,1181.5717
110236,1151.8723
110237,1150.4642
110238,1159.0468
110239,1172.2567
110240,1249.9668
110241,1289.6337
110242,1335.373
110243,1372.291
110244,1397.6542
110245,1422.858
110246,1471.7875
110247,1467.8552
110248,1454.5154
110249,1453.3008
110250,1450.3138
110251,1428.5143
110252,1428.1814
110253,1414.1262
110254,1466.3702
110255,1493.5511
110256,1413.0112
110257,1342.9514
110258,1269.7727
110259,1219.3796
110260,1167.5656
110261,1158.0195
110262,1177.23
110263,1176.255
110264,1245.4313
110265,1283.7352
110266,1319.2722
110267,1366.3204
110268,1388.8881
110269,1432.0946
110270,1495.0692
110271,1465.7891
110272,1462.9215
110273,1472.2417
110274,1473.255
110275,1477.3479
110276,1476.4039
110277,1464.7415
110278,1517.4078
110279,1522.2832
110280,1465.797
110281,1319.1422
110282,1250.3502
110283,1198.697
110284,1154.9528
110285,1180.622
110286,1193.5326
110287,1279.989
110288,1468.0657
110289,1522.7511
110290,1540.9851
110291,1553.7815
110292,1567.3346
110293,1607.5514
110294,1660.4884
110295,1632.6152
110296,1636.564
110297,1629.0193
110298,1633.2517
110299,1603.8948
110300,1585.0304
110301,1585.7645
110302,1626.2051
110303,1624.0975
110304,1562.3354
110305,1434.4087
110306,1349.02
110307,1287.0349
110308,1260.5332
110309,1276.1731
110310,1304.5493
110311,1372.5116
110312,1565.4747
110313,1614.7546
110314,1631.0002
110315,1642.4996
110316,1645.3816
110317,1679.5303
110318,1722.3181
110319,1697.9019
110320,1709.6621
110321,1702.9556
110322,1706.2852
110323,1673.3827
110324,1656.0294
110325,1649.03
110326,1700.3931
110327,1704.3287
110328,1634.3114
110329,1523.1539
110330,1412.3066
110331,1362.2118
110332,1325.1915
110333,1328.3234
110334,1338.0803
110335,1441.5673
110336,1611.5266
110337,1644.4785
110338,1660.3785
110339,1697.2941
110340,1710.1171
110341,1739.6193
110342,1800.1843
110343,1785.8062
110344,1786.5006
110345,1787.9781
110346,1808.3033
110347,1777.7684
110348,1762.1119
110349,1753.6812
110350,1791.3065
110351,1782.6266
110352,1722.31
110353,1553.848
110354,1443.5709
110355,1401.6536
110356,1364.3115
110357,1366.9486
110358,1380.9324
110359,1487.2678
110360,1657.6918
110361,1688.5393
110362,1706.6317
110363,1738.0184
110364,1748.5782
110365,1777.6625
110366,1841.861
110367,1819.3569
110368,1823.5895
110369,1823.392
110370,1829.2229
110371,1810.5458
110372,1790.4015
110373,1790.3745
110374,1826.7174
110375,1815.437
110376,1761.4927
110377,1542.6504
110378,1434.4739
110379,1363.6887
110380,1334.5483
110381,1346.795
110382,1349.4637
110383,1430.1809
110384,1598.635
110385,1631.4056
110386,1651.8427
110387,1677.3092
110388,1694.152
110389,1729.4164
110390,1790.9734
110391,1761.6008
110392,1770.1927
110393,1765.8887
110394,1776.7656
110395,1743.0874
110396,1724.987
110397,1723.1067
110398,1752.2297
110399,1732.8611
110400,1691.7028
110401,1437.064
110402,1327.3486
110403,1272.7866
110404,1229.4065
110405,1226.2739
110406,1217.9598
110407,1250.1691
110408,1312.476
110409,1342.2822
110410,1382.6394
110411,1443.5288
110412,1485.575
110413,1512.9127
110414,1596.3884
110415,1580.6895
110416,1573.2375
110417,1566.1929
110418,1581.7579
110419,1560.3759
110420,1569.9386
110421,1536.7839
110422,1594.9806
110423,1577.423
110424,1539.5482
110425,1350.6027
110426,1235.5334
110427,1198.3231
110428,1145.8809
110429,1126.5111
110430,1149.9381
110431,1166.902
110432,1228.8751
110433,1230.5426
110434,1271.9373
110435,1345.331
110436,1376.1963
110437,1400.2145
110438,1486.929
110439,1484.3431
110440,1449.0007
110441,1468.2795
110442,1465.6808
110443,1495.2314
110444,1495.1843
110445,1482.3397
110446,1526.8059
110447,1526.5535
110448,1466.8717
110449,1410.1346
110450,1302.0189
110451,1248.9589
110452,1209.4152
110453,1204.5696
110454,1227.0234
110455,1320.6588
110456,1507.3325
110457,1533.7773
110458,1549.0259
110459,1598.7164
110460,1626.2314
110461,1649.8254
110462,1717.6459
110463,1722.3904
110464,1703.9412
110465,1707.6642
110466,1696.9901
110467,1697.5345
110468,1671.4875
110469,1657.0425
110470,1685.5919
110471,1699.8027
110472,1628.0043
110473,1469.788
110474,1353.2588
110475,1295.0397
110476,1265.2734
110477,1262.7677
110478,1288.4194
110479,1363.2633
110480,1566.3472
110481,1583.8424
110482,1584.8684
110483,1634.2909
110484,1646.2592
110485,1669.7153
110486,1734.0786
110487,1742.5358
110488,1720.3784
110489,1725.7897
110490,1725.7831
110491,1712.7041
110492,1690.554
110493,1669.9784
110494,1709.5763
110495,1722.0214
110496,1649.8698
110497,1457.7706
110498,1342.0079
110499,1291.6115
110500,1258.4775
110501,1251.5299
110502,1268.5419
110503,1354.2416
110504,1554.6532
110505,1573.2295
110506,1570.6248
110507,1618.928
110508,1627.8434
110509,1654.3878
110510,1716.8623
110511,1705.3846
110512,1689.5653
110513,1699.5068
110514,1698.4489
110515,1686.4375
110516,1664.5094
110517,1659.399
110518,1693.1704
110519,1693.4241
110520,1631.561
110521,1465.225
110522,1345.5363
110523,1295.3894
110524,1267.7445
110525,1262.1324
110526,1275.2483
110527,1368.8506
110528,1566.9497
110529,1580.1335
110530,1584.7795
110531,1623.8815
110532,1635.7416
110533,1664.2189
110534,1720.0491
110535,1713.9379
110536,1696.1603
110537,1702.649
110538,1697.9838
110539,1694.5193
110540,1664.2914
110541,1664.6118
110542,1692.414
110543,1693.4731
110544,1630.9316
110545,1511.4816
110546,1397.2765
110547,1324.8635
110548,1299.3313
110549,1297.8131
110550,1312.2859
110551,1373.8916
110552,1567.5465
110553,1588.975
110554,1595.6229
110555,1631.8198
110556,1649.1343
110557,1673.0
110558,1741.3059
110559,1731.0409
110560,1703.4867
110561,1718.3997
110562,1710.4401
110563,1715.0245
110564,1668.692
110565,1664.7542
110566,1691.2675
110567,1696.1075
110568,1628.7665
110569,1486.7207
110570,1368.7646
110571,1313.2632
110572,1273.2557
110573,1260.7235
110574,1269.7797
110575,1289.0505
110576,1365.7054
110577,1381.4706
110578,1411.7006
110579,1491.9443
110580,1523.9733
110581,1558.1783
110582,1629.9753
110583,1624.394
110584,1594.3108
110585,1598.4894
110586,1603.4565
110587,1606.7687
110588,1600.4789
110589,1584.2472
110590,1626.5475
110591,1621.4791
110592,1568.114
110593,1375.334
110594,1255.2758
110595,1207.7637
110596,1175.609
110597,1155.5828
110598,1164.5543
110599,1190.0195
110600,1256.8157
110601,1263.8204
110602,1313.3732
110603,1374.9329
110604,1402.1985
110605,1423.2711
110606,1507.8999
110607,1504.151
110608,1481.9576
110609,1502.9517
110610,1504.3555
110611,1519.8778
110612,1531.2582
110613,1506.8921
110614,1553.3776
110615,1539.2157
110616,1495.0155
110617,1424.6323
110618,1303.9889
110619,1257.2844
110620,1225.8961
110621,1211.0623
110622,1231.8868
110623,1332.3372
110624,1505.5194
110625,1527.8035
110626,1556.6947
110627,1586.8157
110628,1640.8896
110629,1662.8751
110630,1716.6989
110631,1736.5382
110632,1721.6365
110633,1738.6487
110634,1724.7777
110635,1694.333
110636,1697.9042
110637,1691.9519
110638,1705.6714
110639,1713.6792
110640,1647.3976
110641,1473.2725
110642,1351.6249
110643,1301.3165
110644,1284.5455
110645,1265.5825
110646,1283.1238
110647,1363.4639
110648,1553.9895
110649,1572.517
110650,1594.4575
110651,1621.8656
110652,1651.8593
110653,1675.116
110654,1727.3177
110655,1746.801
110656,1739.0125
110657,1746.2422
110658,1756.3098
110659,1719.6569
110660,1723.3541
110661,1698.6366
110662,1722.1152
110663,1731.1489
110664,1671.7952
110665,1429.0809
110666,1303.7516
110667,1260.8123
110668,1235.3483
110669,1220.6368
110670,1237.8591
110671,1317.7322
110672,1505.5277
110673,1525.917
110674,1550.2747
110675,1573.7529
110676,1607.366
110677,1626.7356
110678,1683.2073
110679,1699.9899
110680,1681.6477
110681,1691.9497
110682,1697.687
110683,1669.6339
110684,1671.746
110685,1651.4678
110686,1666.3145
110687,1676.9003
110688,1610.6442
110689,1408.8364
110690,1293.156
110691,1255.8916
110692,1229.564
110693,1219.0306
110694,1237.9222
110695,1319.2817
110696,1512.5228
110697,1525.0513
110698,1557.6029
110699,1571.7603
110700,1595.354
110701,1626.1663
110702,1674.0168
110703,1686.9259
110704,1671.9718
110705,1682.6514
110706,1687.4497
110707,1652.9631
110708,1654.2888
110709,1647.3606
110710,1655.6663
110711,1665.9888
110712,1611.2814
110713,1510.2252
110714,1389.8696
110715,1322.7533
110716,1303.2672
110717,1290.8557
110718,1308.1118
110719,1360.7062
110720,1542.5828
110721,1565.8152
110722,1589.9025
110723,1613.614
110724,1652.9401
110725,1674.9064
110726,1730.5803
110727,1746.8386
110728,1723.3461
110729,1732.3872
110730,1732.8176
110731,1698.724
110732,1683.5118
110733,1673.1676
110734,1691.1426
110735,1705.3726
110736,1643.8002
110737,1420.0477
110738,1294.7847
110739,1246.9993
110740,1208.4496
110741,1188.0507
110742,1193.3126
110743,1211.8293
110744,1279.397
110745,1298.7717
110746,1355.8966
110747,1402.9962
110748,1447.6134
110749,1474.3213
110750,1543.3569
110751,1567.3763
110752,1532.3262
110753,1535.2948
110754,1552.8354
110755,1533.138
110756,1556.0197
110757,1526.9229
110758,1544.1409
110759,1549.8536
110760,1500.2516
110761,1451.7948
110762,1327.7062
110763,1296.8435
110764,1247.2034
110765,1215.4846
110766,1224.8898
110767,1230.6664
110768,1262.448
110769,1267.4303
110770,1343.622
110771,1410.3257
110772,1485.3749
110773,1523.1882
110774,1645.5569
110775,1696.4011
110776,1686.0192
110777,1679.8147
110778,1716.1162
110779,1726.9731
110780,1716.9395
110781,1702.1782
110782,1694.8867
110783,1718.6041
110784,1651.3586
110785,1529.276
110786,1411.683
110787,1358.2288
110788,1299.0469
110789,1278.6415
110790,1292.3835
110791,1371.9342
110792,1537.4982
110793,1547.0557
110794,1602.72
110795,1656.1953
110796,1720.3049
110797,1765.1749
110798,1887.816
110799,1929.1781
110800,1931.8602
110801,1917.8469
110802,1930.9768
110803,1920.0233
110804,1892.7405
110805,1884.7236
110806,1855.0457
110807,1890.4038
110808,1798.0068
110809,1626.569
110810,1496.3289
110811,1438.095
110812,1394.763
110813,1374.0668
110814,1380.8904
110815,1440.816
110816,1629.7015
110817,1628.8857
110818,1682.6078
110819,1737.5599
110820,1783.316
110821,1827.1721
110822,1955.9213
110823,1980.0282
110824,1992.1458
110825,1980.8464
110826,1999.8088
110827,1982.7529
110828,1961.2238
110829,1930.47
110830,1920.8708
110831,1948.5549
110832,1870.0753
110833,1690.1091
110834,1568.012
110835,1500.5924
110836,1449.4598
110837,1424.1343
110838,1434.4268
110839,1503.013
110840,1679.6051
110841,1688.3381
110842,1736.7158
110843,1787.2606
110844,1839.734
110845,1884.774
110846,2008.1898
110847,2023.5438
110848,2038.8807
110849,2017.5905
110850,2040.2
110851,2015.387
110852,1990.1028
110853,1969.2955
110854,1948.3245
110855,1985.7053
110856,1904.1305
110857,1582.7955
110858,1461.897
110859,1401.7966
110860,1353.4154
110861,1322.7682
110862,1336.1799
110863,1405.7761
110864,1589.466
110865,1589.0277
110866,1637.868
110867,1685.329
110868,1742.4296
110869,1786.466
110870,1904.6974
110871,1939.828
110872,1946.8909
110873,1939.319
110874,1958.3718
110875,1943.683
110876,1913.1074
110877,1889.492
110878,1860.6335
110879,1896.6455
110880,1805.465
110881,1639.7908
110882,1515.648
110883,1432.8411
110884,1385.3717
110885,1367.8495
110886,1376.6161
110887,1416.9078
110888,1593.0607
110889,1596.4159
110890,1649.4841
110891,1697.266
110892,1764.5051
110893,1812.0898
110894,1936.5951
110895,1953.8112
110896,1957.3542
110897,1944.364
110898,1955.8387
110899,1946.1136
110900,1911.2479
110901,1897.6794
110902,1866.3608
110903,1901.2554
110904,1809.3875
110905,1589.5156
110906,1463.2356
110907,1407.554
110908,1358.3182
110909,1335.132
110910,1340.0387
110911,1351.1174
110912,1415.5421
110913,1414.4364
110914,1495.1304
110915,1567.0183
110916,1642.6486
110917,1694.7778
110918,1806.5696
110919,1829.2533
110920,1826.8928
110921,1813.674
110922,1841.6161
110923,1846.4761
110924,1822.2212
110925,1801.717
110926,1779.376
110927,1797.1577
110928,1712.8298
110929,1549.0417
110930,1439.5107
110931,1392.984
110932,1357.1503
110933,1312.7281
110934,1302.3707
110935,1298.7319
110936,1364.4338
110937,1374.1545
110938,1480.8721
110939,1544.388
110940,1603.3832
110941,1639.1703
110942,1772.6401
110943,1822.0653
110944,1835.4501
110945,1827.3057
110946,1851.3538
110947,1866.0533
110948,1841.3958
110949,1812.0502
110950,1797.4446
110951,1801.4714
110952,1773.4143
110953,1497.7153
110954,1391.3352
110955,1329.4188
110956,1285.7804
110957,1249.9557
110958,1251.0044
110959,1318.1466
110960,1512.7196
110961,1530.6854
110962,1603.0085
110963,1668.0146
110964,1715.6991
110965,1752.1298
110966,1883.6578
110967,1907.1654
110968,1927.8097
110969,1925.7305
110970,1928.117
110971,1904.6653
110972,1870.4624
110973,1855.8982
110974,1830.7711
110975,1849.3535
110976,1792.2358
110977,1652.2141
110978,1533.3768
110979,1468.3287
110980,1430.2004
110981,1391.9855
110982,1392.3394
110983,1454.3096
110984,1659.0908
110985,1654.9803
110986,1736.1765
110987,1801.7513
110988,1838.7725
110989,1875.9218
110990,2010.192
110991,2022.6849
110992,2046.7557
110993,2038.3447
110994,2056.4526
110995,2033.414
110996,2008.6178
110997,1975.2997
110998,1963.2161
110999,1977.8955
111000,1920.3964
111001,1646.5365
111002,1530.6969
111003,1470.4528
111004,1422.1444
111005,1395.9154
111006,1377.8658
111007,1445.0001
111008,1648.8965
111009,1652.0974
111010,1731.3925
111011,1784.0566
111012,1828.6478
111013,1867.7565
111014,2001.2468
111015,2011.9657
111016,2038.4216
111017,2015.3048
111018,2024.067
111019,2000.3015
111020,1975.8734
111021,1957.0619
111022,1943.2804
111023,1955.0001
111024,1904.3374
111025,1623.3862
111026,1502.663
111027,1448.0444
111028,1400.8109
111029,1374.5092
111030,1365.5166
111031,1419.854
111032,1632.3805
111033,1633.7446
111034,1712.8531
111035,1774.214
111036,1811.4891
111037,1843.9497
111038,1976.8225
111039,2001.0415
111040,2020.9563
111041,2002.9901
111042,2019.5931
111043,1993.4382
111044,1964.5269
111045,1945.3265
111046,1925.8547
111047,1939.4886
111048,1887.8329
111049,1627.6877
111050,1522.7079
111051,1438.9866
111052,1402.2031
111053,1370.4574
111054,1361.8534
111055,1384.3455
111056,1595.6029
111057,1606.3348
111058,1679.6343
111059,1738.0613
111060,1778.6967
111061,1819.8052
111062,1952.1552
111063,1963.0823
111064,1984.2692
111065,1964.4393
111066,1977.2998
111067,1937.0823
111068,1910.4991
111069,1887.501
111070,1855.9628
111071,1868.2444
111072,1834.1111
111073,1550.7981
111074,1417.3635
111075,1367.0747
111076,1327.4973
111077,1282.7283
111078,1276.218
111079,1263.1725
111080,1334.7039
111081,1335.0823
111082,1439.4794
111083,1520.0071
111084,1606.1777
111085,1701.9352
111086,1808.2162
111087,1825.0839
111088,1841.2428
111089,1825.7379
111090,1858.7142
111091,1833.6151
111092,1832.4817
111093,1800.3732
111094,1764.4926
111095,1766.6305
111096,1680.1069
111097,1398.5574
111098,1338.0338
111099,1279.2441
111100,1217.4836
111101,1183.9884
111102,1189.2064
111103,1192.2239
111104,1163.3414
111105,1243.347
111106,1329.7307
111107,1412.055
111108,1476.387
111109,1571.7968
111110,1716.0736
111111,1789.192
111112,1776.063
111113,1775.7219
111114,1792.2137
111115,1827.1427
111116,1811.0114
111117,1777.8918
111118,1753.1818
111119,1716.6411
111120,1652.5157
111121,1435.7064
111122,1336.4778
111123,1287.2853
111124,1234.5779
111125,1208.9602
111126,1226.1808
111127,1276.6848
111128,1388.2985
111129,1466.8445
111130,1539.3921
111131,1604.334
111132,1694.6609
111133,1788.4698
111134,1921.2505
111135,1955.775
111136,1959.9767
111137,1958.6779
111138,1959.5405
111139,1971.0275
111140,1954.4169
111141,1927.7186
111142,1889.2906
111143,1864.1138
111144,1766.5353
111145,1537.327
111146,1435.6925
111147,1380.8369
111148,1325.2142
111149,1297.2386
111150,1310.7842
111151,1357.0796
111152,1468.4569
111153,1546.9066
111154,1603.2899
111155,1675.2603
111156,1762.5839
111157,1849.2257
111158,1994.9336
111159,2034.989
111160,2025.9996
111161,2019.8253
111162,2035.7078
111163,2044.3718
111164,2035.3778
111165,1992.783
111166,1956.1833
111167,1928.0125
111168,1837.6478
111169,1525.2393
111170,1424.0068
111171,1360.2257
111172,1305.4697
111173,1269.6351
111174,1277.8909
111175,1327.2026
111176,1437.5917
111177,1511.0316
111178,1577.1134
111179,1645.9833
111180,1736.1466
111181,1829.12
111182,1962.7838
111183,2004.1998
111184,2009.6403
111185,2002.5802
111186,2013.3773
111187,2013.1857
111188,1996.3713
111189,1961.6276
111190,1927.8387
111191,1908.281
111192,1805.4565
111193,1542.1324
111194,1439.7646
111195,1376.2786
111196,1313.5823
111197,1282.4792
111198,1299.075
111199,1345.1846
111200,1456.5181
111201,1523.5942
111202,1589.7922
111203,1661.506
111204,1745.1141
111205,1845.097
111206,1974.284
111207,2020.8776
111208,2021.1306
111209,2017.0415
111210,2020.8622
111211,2020.0339
111212,2001.1526
111213,1960.938
111214,1924.1943
111215,1917.0004
111216,1817.5809
111217,1603.1624
111218,1513.171
111219,1433.332
111220,1378.0735
111221,1335.9126
111222,1350.7205
111223,1364.3368
111224,1483.7137
111225,1558.8589
111226,1615.0831
111227,1688.0204
111228,1774.0365
111229,1871.3081
111230,2008.4619
111231,2050.375
111232,2052.5718
111233,2049.34
111234,2060.3413
111235,2052.2632
111236,2018.4481
111237,1972.6417
111238,1931.5614
111239,1919.3174
111240,1830.3271
111241,1484.7422
111242,1421.6554
111243,1351.2085
111244,1294.8676
111245,1251.795
111246,1260.4386
111247,1259.4869
111248,1254.5205
111249,1320.5646
111250,1398.1663
111251,1512.2928
111252,1578.2981
111253,1679.9191
111254,1818.7643
111255,1858.934
111256,1846.8899
111257,1845.7507
111258,1867.5579
111259,1884.1252
111260,1854.1897
111261,1810.1384
111262,1781.8826
111263,1748.7762
111264,1680.6417
111265,1524.0554
111266,1458.2604
111267,1427.1375
111268,1353.8757
111269,1328.3062
111270,1329.502
111271,1325.5243
111272,1296.6436
111273,1370.3373
111274,1430.8265
111275,1513.0422
111276,1594.0195
111277,1683.3064
111278,1799.3711
111279,1875.0668
111280,1880.7097
111281,1873.2253
111282,1896.3893
111283,1919.0128
111284,1893.2806
111285,1880.1572
111286,1826.6664
111287,1830.8795
111288,1743.3
111289,1663.9283
111290,1569.4893
111291,1529.0017
111292,1472.2817
111293,1453.6251
111294,1450.7612
111295,1519.5295
111296,1616.8389
111297,1689.5459
111298,1741.9281
111299,1796.6638
111300,1909.8722
111301,1996.1305
111302,2109.7563
111303,2154.354
111304,2175.583
111305,2158.8274
111306,2168.5427
111307,2179.2278
111308,2159.3364
111309,2130.3127
111310,2071.4622
111311,2088.0505
111312,1956.4851
111313,1659.2709
111314,1561.5659
111315,1522.198
111316,1463.7448
111317,1449.5967
111318,1449.7684
111319,1493.3269
111320,1602.8329
111321,1669.3156
111322,1711.0474
111323,1779.0387
111324,1868.9208
111325,1963.5958
111326,2077.9482
111327,2126.0002
111328,2151.814
111329,2133.0027
111330,2150.41
111331,2142.8738
111332,2125.9858
111333,2097.5437
111334,2041.4741
111335,2061.9585
111336,1935.7633
111337,1667.7703
111338,1568.9729
111339,1525.0985
111340,1460.6422
111341,1426.1056
111342,1422.7686
111343,1471.1177
111344,1587.0222
111345,1657.9049
111346,1687.847
111347,1766.759
111348,1869.2384
111349,1947.5565
111350,2070.338
111351,2113.8071
111352,2142.9363
111353,2120.3137
111354,2145.572
111355,2129.644
111356,2105.4568
111357,2073.6802
111358,2022.4302
111359,2038.314
111360,1916.7705
111361,1657.263
111362,1560.1846
111363,1519.1422
111364,1466.1884
111365,1431.0092
111366,1424.205
111367,1472.6418
111368,1587.2102
111369,1650.9176
111370,1690.3722
111371,1760.9047
111372,1864.6772
111373,1950.602
111374,2067.5046
111375,2110.8623
111376,2141.2158
111377,2120.3044
111378,2135.614
111379,2129.2783
111380,2097.6665
111381,2075.71
111382,2017.1265
111383,2033.2501
111384,1909.13
111385,1709.8541
111386,1617.4342
111387,1549.6173
111388,1505.709
111389,1466.0779
111390,1463.03
111391,1482.9807
111392,1598.6929
111393,1671.4287
111394,1707.6554
111395,1777.7775
111396,1874.8597
111397,1955.5212
111398,2081.922
111399,2117.7927
111400,2142.5554
111401,2128.0645
111402,2141.4963
111403,2136.4668
111404,2099.3022
111405,2071.8477
111406,2016.1847
111407,2028.1855
111408,1911.9921
111409,1612.4976
111410,1546.5453
111411,1493.7703
111412,1440.8057
111413,1401.6587
111414,1394.9836
111415,1402.3971
111416,1392.3391
111417,1453.5895
111418,1526.6117
111419,1617.7954
111420,1702.5342
111421,1788.7246
111422,1906.1572
111423,1952.5111
111424,1960.2366
111425,1946.0851
111426,1974.1195
111427,1992.5236
111428,1953.0756
111429,1931.3
111430,1876.173
111431,1874.3702
111432,1776.2062
111433,1605.4305
111434,1506.6844
111435,1460.3239
111436,1406.4546
111437,1347.7217
111438,1330.11
111439,1357.2462
111440,1338.9672
111441,1421.1746
111442,1529.3705
111443,1638.4248
111444,1720.7295
111445,1804.85
111446,1946.0195
111447,2025.7819
111448,2041.6554
111449,2044.9741
111450,2080.4749
111451,2070.5564
111452,2032.5396
111453,2005.4513
111454,1963.3578
111455,1954.7828
111456,1870.9841
111457,1730.4214
111458,1599.0177
111459,1554.3168
111460,1491.9236
111461,1434.0082
111462,1437.0674
111463,1518.4407
111464,1634.0216
111465,1689.6959
111466,1783.1454
111467,1873.9598
111468,1993.4828
111469,2072.581
111470,2212.4153
111471,2259.865
111472,2291.9492
111473,2288.054
111474,2310.8164
111475,2278.753
111476,2242.7424
111477,2201.0398
111478,2156.997
111479,2157.7014
111480,2020.8628
111481,1724.4286
111482,1599.7444
111483,1541.7769
111484,1496.3607
111485,1446.7931
111486,1442.6526
111487,1506.0087
111488,1625.834
111489,1693.2523
111490,1785.9921
111491,1871.0312
111492,1958.4677
111493,2038.0283
111494,2179.1414
111495,2219.1562
111496,2257.167
111497,2253.678
111498,2280.9692
111499,2249.7173
111500,2216.1626
111501,2170.7395
111502,2130.756
111503,2136.2786
111504,1995.3049
111505,1726.583
111506,1605.9822
111507,1552.7866
111508,1499.6582
111509,1443.6318
111510,1430.1534
111511,1499.0035
111512,1612.0945
111513,1677.5435
111514,1762.5526
111515,1859.0173
111516,1950.4987
111517,2035.9138
111518,2178.1963
111519,2220.5422
111520,2249.026
111521,2244.8748
111522,2272.2146
111523,2241.8499
111524,2209.2686
111525,2177.995
111526,2129.7942
111527,2123.773
111528,1994.4001
111529,1801.9485
111530,1692.1976
111531,1632.2643
111532,1586.726
111533,1528.8135
111534,1516.2911
111535,1581.716
111536,1702.8337
111537,1764.4402
111538,1855.0996
111539,1941.6957
111540,2032.7511
111541,2125.5166
111542,2253.9062
111543,2311.419
111544,2345.9836
111545,2336.5364
111546,2362.3223
111547,2321.5713
111548,2284.4795
111549,2252.9817
111550,2204.3088
111551,2211.8892
111552,2074.4849
111553,1804.5006
111554,1686.952
111555,1611.4459
111556,1559.1532
111557,1502.0282
111558,1498.8478
111559,1533.6802
111560,1650.6702
111561,1707.185
111562,1800.5641
111563,1892.2828
111564,1994.8772
111565,2078.3345
111566,2226.3494
111567,2264.394
111568,2295.3794
111569,2279.5022
111570,2304.3535
111571,2267.381
111572,2228.9265
111573,2193.6587
111574,2141.7847
111575,2153.0317
111576,2021.5193
111577,1729.1826
111578,1645.8131
111579,1577.5996
111580,1533.0911
111581,1461.1722
111582,1453.6588
111583,1480.2308
111584,1459.937
111585,1526.8782
111586,1641.8821
111587,1758.3546
111588,1847.5632
111589,1933.4292
111590,2069.003
111591,2117.1077
111592,2141.0889
111593,2133.4653
111594,2164.1365
111595,2166.0137
111596,2124.3801
111597,2088.656
111598,2044.5052
111599,2027.196
111600,1925.8015
111601,1594.5581
111602,1446.4092
111603,1385.7786
111604,1358.9901
111605,1295.852
111606,1292.378
111607,1290.9492
111608,1318.0028
111609,1330.2667
111610,1416.9099
111611,1507.1896
111612,1589.8501
111613,1674.9735
111614,1808.3662
111615,1861.2792
111616,1875.174
111617,1863.2747
111618,1903.8386
111619,1915.1213
111620,1895.7451
111621,1856.3267
111622,1801.0013
111623,1811.0074
111624,1750.0715
111625,1679.0455
111626,1495.4275
111627,1448.8463
111628,1414.0677
111629,1368.7012
111630,1374.0476
111631,1424.2394
111632,1582.4735
111633,1604.5242
111634,1670.5023
111635,1742.168
111636,1852.5718
111637,1936.162
111638,2067.3708
111639,2082.3206
111640,2112.907
111641,2104.2864
111642,2116.704
111643,2096.279
111644,2069.8438
111645,2045.0292
111646,1983.9065
111647,2011.5543
111648,1902.62
111649,1739.5236
111650,1550.0881
111651,1490.2367
111652,1461.1708
111653,1422.82
111654,1424.9556
111655,1465.0563
111656,1632.5698
111657,1642.6042
111658,1700.9536
111659,1780.2292
111660,1873.8447
111661,1953.8945
111662,2079.7246
111663,2102.8242
111664,2131.3667
111665,2115.299
111666,2142.9631
111667,2110.1946
111668,2093.8496
111669,2061.341
111670,1996.3893
111671,2033.0685
111672,1926.9232
111673,1722.2668
111674,1536.5782
111675,1484.0814
111676,1446.2313
111677,1396.1185
111678,1392.8512
111679,1432.4087
111680,1596.9248
111681,1610.2931
111682,1666.1886
111683,1748.5193
111684,1842.4963
111685,1927.2428
111686,2060.2197
111687,2079.1667
111688,2108.0508
111689,2089.4797
111690,2119.048
111691,2092.0706
111692,2069.0493
111693,2033.7668
111694,1972.7482
111695,2005.3643
111696,1894.7454
111697,1656.5087
111698,1470.8772
111699,1432.5437
111700,1395.4733
111701,1342.9901
111702,1347.2167
111703,1384.1692
111704,1547.7328
111705,1558.4766
111706,1620.0746
111707,1690.0366
111708,1783.7091
111709,1873.6785
111710,1999.9072
111711,2014.0748
111712,2048.5322
111713,2039.719
111714,2058.9133
111715,2024.0068
111716,1995.8528
111717,1972.8114
111718,1910.4847
111719,1945.4507
111720,1842.7007
111721,1623.4504
111722,1442.3387
111723,1373.3331
111724,1350.854
111725,1300.8695
111726,1300.8522
111727,1305.1606
111728,1475.2294
111729,1489.4303
111730,1553.473
111731,1627.272
111732,1716.245
111733,1805.037
111734,1939.1038
111735,1944.2085
111736,1984.5336
111737,1967.2704
111738,1987.7893
111739,1947.8348
111740,1930.2505
111741,1898.8135
111742,1840.3118
111743,1847.4592
111744,1760.2401
111745,1492.6649
111746,1335.3491
111747,1275.669
111748,1255.9915
111749,1198.2264
111750,1197.6808
111751,1183.273
111752,1237.86
111753,1248.2032
111754,1340.9119
111755,1443.2822
111756,1513.0793
111757,1596.959
111758,1723.1606
111759,1734.3625
111760,1747.749
111761,1734.6194
111762,1775.7606
111763,1752.9036
111764,1750.7811
111765,1705.6068
111766,1662.1313
111767,1655.9344
111768,1600.6018
111769,1717.2587
111770,1643.8146
111771,1567.5448
111772,1504.5717
111773,1456.3768
111774,1443.5001
111775,1471.1989
111776,1403.1758
111777,1485.5543
111778,1573.2755
111779,1674.2634
111780,1751.0851
111781,1850.1562
111782,2014.0504
111783,2069.8374
111784,2101.5142
111785,2098.558
111786,2125.5696
111787,2138.282
111788,2114.3726
111789,2063.3333
111790,2030.5674
111791,1996.5262
111792,1935.2427
111793,1716.1459
111794,1617.6772
111795,1555.7123
111796,1491.3606
111797,1449.8298
111798,1451.8064
111799,1518.9161
111800,1590.7974
111801,1673.4541
111802,1737.1013
111803,1824.7358
111804,1933.6377
111805,2028.6953
111806,2182.784
111807,2210.5105
111808,2258.3633
111809,2239.8645
111810,2255.221
111811,2245.6646
111812,2220.0945
111813,2187.9958
111814,2138.6726
111815,2112.026
111816,2009.4418
111817,1717.9318
111818,1614.0688
111819,1541.8064
111820,1479.1067
111821,1444.4276
111822,1437.5078
111823,1499.2542
111824,1568.5262
111825,1648.8248
111826,1708.6421
111827,1804.5454
111828,1905.3368
111829,1995.255
111830,2157.1846
111831,2178.3606
111832,2226.5925
111833,2199.9827
111834,2224.954
111835,2215.0295
111836,2204.275
111837,2151.1042
111838,2106.3677
111839,2084.4958
111840,1986.217
111841,1740.456
111842,1631.9521
111843,1568.2928
111844,1509.6346
111845,1462.7533
111846,1448.9307
111847,1520.1954
111848,1591.2339
111849,1666.5564
111850,1727.8801
111851,1816.9362
111852,1910.3152
111853,2008.1174
111854,2165.5583
111855,2181.086
111856,2226.6575
111857,2215.7742
111858,2233.5242
111859,2224.358
111860,2201.4607
111861,2165.9775
111862,2115.3462
111863,2095.5864
111864,2002.9263
111865,1681.793
111866,1581.4934
111867,1517.8198
111868,1458.844
111869,1418.8257
111870,1406.6254
111871,1464.2616
111872,1547.2424
111873,1620.2058
111874,1690.4047
111875,1772.2555
111876,1861.3673
111877,1962.0039
111878,2116.5312
111879,2141.7944
111880,2184.923
111881,2172.3572
111882,2182.553
111883,2181.2493
111884,2157.4438
111885,2114.6665
111886,2061.3247
111887,2045.609
111888,1947.6235
111889,1695.4448
111890,1598.1371
111891,1513.4176
111892,1457.6216
111893,1416.9032
111894,1410.8601
111895,1439.7932
111896,1526.8633
111897,1596.1934
111898,1661.8374
111899,1751.9044
111900,1835.353
111901,1936.9244
111902,2095.7751
111903,2121.423
111904,2172.5579
111905,2141.7812
111906,2164.359
111907,2142.4756
111908,2114.4429
111909,2079.6653
111910,2021.8066
111911,2011.9175
111912,1909.1321
111913,1726.5292
111914,1655.6176
111915,1572.2578
111916,1506.2788
111917,1445.3981
111918,1440.169
111919,1462.4698
111920,1417.274
111921,1488.8629
111922,1576.9664
111923,1699.395
111924,1773.6362
111925,1870.5925
111926,2034.5957
111927,2061.9736
111928,2091.963
111929,2087.1062
111930,2109.364
111931,2113.8906
111932,2085.0076
111933,2028.6315
111934,1986.4393
111935,1964.788
111936,1886.4788
111937,1631.8683
111938,1525.9108
111939,1438.1354
111940,1395.1917
111941,1335.128
111942,1325.3007
111943,1339.1821
111944,1339.9198
111945,1419.3129
111946,1526.1497
111947,1615.394
111948,1712.2041
111949,1803.1661
111950,1940.4806
111951,2015.2548
111952,2032.1755
111953,2039.3416
111954,2060.8857
111955,2082.322
111956,2062.2458
111957,2029.2113
111958,1962.8651
111959,1938.1648
111960,1875.2706
111961,1779.1647
111962,1640.774
111963,1552.9313
111964,1505.102
111965,1459.5162
111966,1464.751
111967,1530.4651
111968,1679.1632
111969,1729.1624
111970,1811.7358
111971,1891.3041
111972,2016.2769
111973,2106.4587
111974,2235.9858
111975,2283.6511
111976,2309.965
111977,2305.7004
111978,2322.8677
111979,2312.1313
111980,2301.34
111981,2262.8894
111982,2189.7605
111983,2173.2454
111984,2057.8394
111985,1768.1974
111986,1645.9023
111987,1558.9165
111988,1512.536
111989,1471.0999
111990,1469.43
111991,1527.823
111992,1657.7504
111993,1720.7128
111994,1797.8081
111995,1878.8524
111996,1991.7891
111997,2089.866
111998,2220.3647
111999,2271.5234
112000,2290.6743
112001,2284.0627
112002,2316.8777
112003,2293.9973
112004,2285.743
112005,2250.0935
112006,2179.5322
112007,2161.6611
112008,2043.153
112009,1835.4124
112010,1714.5201
112011,1628.3699
112012,1579.0886
112013,1525.2668
112014,1522.8054
112015,1585.869
112016,1713.7062
112017,1776.3147
112018,1861.1704
112019,1931.1307
112020,2046.3901
112021,2141.9155
112022,2275.3618
112023,2322.3667
112024,2344.7874
112025,2342.589
112026,2366.4092
112027,2346.574
112028,2337.747
112029,2291.1309
112030,2232.0837
112031,2218.8694
112032,2097.5908
112033,1835.3082
112034,1713.9174
112035,1628.4563
112036,1585.4128
112037,1532.4459
112038,1536.5938
112039,1595.835
112040,1723.2926
112041,1780.722
112042,1870.845
112043,1939.4873
112044,2047.1973
112045,2151.364
112046,2275.0637
112047,2320.696
112048,2350.6025
112049,2346.537
112050,2364.568
112051,2343.1572
112052,2327.6802
112053,2293.1362
112054,2234.92
112055,2221.2153
112056,2103.0154
112057,1859.949
112058,1740.8314
112059,1628.984
112060,1592.457
112061,1540.9221
112062,1541.8402
112063,1558.7151
112064,1696.3616
112065,1762.1239
112066,1842.2297
112067,1916.7712
112068,2034.841
112069,2126.8643
112070,2265.7168
112071,2303.47
112072,2334.9297
112073,2316.569
112074,2341.9617
112075,2306.066
112076,2280.1755
112077,2249.0996
112078,2191.7031
112079,2183.8362
112080,2078.1484
112081,1800.4843
112082,1712.2036
112083,1620.9703
112084,1593.7953
112085,1524.1577
112086,1522.1533
112087,1516.3146
112088,1533.818
112089,1600.3162
112090,1709.2897
112091,1804.2944
112092,1907.0305
112093,2003.7738
112094,2130.7454
112095,2174.1902
112096,2192.5447
112097,2195.2024
112098,2222.0598
112099,2214.5579
112100,2189.578
112101,2163.6743
112102,2093.636
112103,2069.4841
112104,1993.7639
112105,1767.4296
112106,1673.0907
112107,1619.0637
112108,1566.4169
112109,1507.334
112110,1490.5991
112111,1506.8406
112112,1500.771
112113,1569.0598
112114,1684.7242
112115,1781.9598
112116,1877.4109
112117,1956.3682
112118,2096.1772
112119,2154.4236
112120,2191.7917
112121,2185.755
112122,2210.0322
112123,2226.7732
112124,2184.8442
112125,2145.4685
112126,2098.6194
112127,2116.8438
112128,2047.916
112129,1784.4183
112130,1660.7727
112131,1608.105
112132,1546.1997
112133,1497.6719
112134,1501.2097
112135,1571.794
112136,1718.2086
112137,1761.1205
112138,1857.069
112139,1939.7913
112140,2053.9724
112141,2132.0486
112142,2271.4463
112143,2302.3755
112144,2344.033
112145,2321.0493
112146,2345.49
112147,2337.6616
112148,2296.0283
112149,2238.8022
112150,2192.6123
112151,2224.9617
112152,2087.5317
112153,1842.6185
112154,1727.2422
112155,1670.6593
112156,1612.4202
112157,1571.4705
112158,1579.6208
112159,1637.3905
112160,1759.9237
112161,1807.3584
112162,1901.8905
112163,1981.0403
112164,2085.994
112165,2170.1335
112166,2303.041
112167,2331.5771
112168,2368.0215
112169,2350.6
112170,2378.665
112171,2349.9507
112172,2319.9822
112173,2274.5173
112174,2223.741
112175,2266.024
112176,2131.296
112177,1819.8379
112178,1703.3494
112179,1651.6885
112180,1578.3036
112181,1525.3231
112182,1522.8301
112183,1582.3601
112184,1704.308
112185,1758.206
112186,1849.998
112187,1928.7776
112188,2038.6038
112189,2119.1162
112190,2259.5483
112191,2298.0908
112192,2339.9116
112193,2319.4697
112194,2344.8333
112195,2307.2332
112196,2279.4167
112197,2229.999
112198,2193.906
112199,2235.267
112200,2100.7007
112201,1806.7562
112202,1686.0571
112203,1647.8608
112204,1572.0935
112205,1530.1418
112206,1532.2717
112207,1586.9897
112208,1720.3441
112209,1764.7086
112210,1866.2081
112211,1938.4894
112212,2031.2632
112213,2117.3489
112214,2256.7446
112215,2293.8982
112216,2332.0146
112217,2317.348
112218,2328.5144
112219,2301.749
112220,2262.0234
112221,2229.705
112222,2183.6282
112223,2228.3613
112224,2088.7327
112225,1887.1537
112226,1770.9188
112227,1704.9994
112228,1646.317
112229,1590.7025
112230,1596.0105
112231,1624.5947
112232,1751.8357
112233,1801.647
112234,1894.9376
112235,1974.6188
112236,2076.6826
112237,2159.1646
112238,2300.2642
112239,2337.6423
112240,2372.4707
112241,2351.7708
112242,2368.2454
112243,2351.9558
112244,2309.325
112245,2269.5344
112246,2220.4214
112247,2248.3884
112248,2117.1116
112249,1739.327
112250,1664.6461
112251,1600.4937
112252,1559.2766
112253,1495.3387
112254,1486.17
112255,1494.2048
112256,1504.8773
112257,1560.9066
112258,1674.4236
112259,1779.9291
112260,1860.7427
112261,1948.4819
112262,2076.24
112263,2123.376
112264,2154.0862
112265,2139.8687
112266,2172.1255
112267,2166.0066
112268,2122.277
112269,2086.27
112270,2034.7113
112271,2059.7017
112272,1958.9397
112273,1550.3983
112274,1449.4023
112275,1387.3674
112276,1327.12
112277,1275.2727
112278,1267.3993
112279,1265.8639
112280,1270.9146
112281,1334.2421
112282,1457.2161
112283,1568.2745
112284,1629.8541
112285,1724.6941
112286,1871.0481
112287,1934.7706
112288,1955.8175
112289,1963.2273
112290,1980.7617
112291,1987.42
112292,1958.0579
112293,1925.5198
112294,1876.1041
112295,1886.9902
112296,1812.7739
112297,1766.9482
112298,1641.2657
112299,1567.1455
112300,1501.5685
112301,1451.989
112302,1466.2179
112303,1534.0435
112304,1670.105
112305,1705.6122
112306,1807.8903
112307,1894.3936
112308,2001.1084
112309,2100.7998
112310,2235.3367
112311,2282.817
112312,2314.011
112313,2306.9514
112314,2312.8052
112315,2311.0317
112316,2269.227
112317,2241.8835
112318,2186.836
112319,2189.832
112320,2047.2881
112321,1817.777
112322,1712.1667
112323,1626.1261
112324,1568.3057
112325,1517.7244
112326,1519.2439
112327,1581.1573
112328,1707.3629
112329,1753.4207
112330,1840.1749
112331,1936.9448
112332,2034.687
112333,2139.7288
112334,2273.9116
112335,2327.65
112336,2356.879
112337,2356.433
112338,2374.831
112339,2361.0872
112340,2314.9722
112341,2272.7046
112342,2226.9465
112343,2227.716
112344,2089.75
112345,1767.011
112346,1652.6633
112347,1575.6964
112348,1514.1869
112349,1454.4098
112350,1450.5068
112351,1520.4235
112352,1635.9396
112353,1688.5077
112354,1774.0345
112355,1871.6458
112356,1977.7568
112357,2075.9421
112358,2211.0227
112359,2250.6365
112360,2282.1619
112361,2286.9976
112362,2303.5007
112363,2266.841
112364,2224.3496
112365,2193.3027
112366,2153.1016
112367,2165.6348
112368,2030.5361
112369,1739.302
112370,1625.8096
112371,1550.9958
112372,1488.9656
112373,1438.7122
112374,1437.7717
112375,1495.9368
112376,1620.5035
112377,1667.8789
112378,1758.2806
112379,1857.1511
112380,1949.0588
112381,2040.7926
112382,2170.7754
112383,2223.6558
112384,2251.0786
112385,2258.074
112386,2270.629
112387,2233.2249
112388,2192.7441
112389,2159.4602
112390,2117.0442
112391,2130.6633
112392,1996.9362
112393,1788.959
112394,1682.5825
112395,1590.1309
112396,1533.1819
112397,1480.7146
112398,1481.4435
112399,1503.8721
112400,1633.0
112401,1679.7568
112402,1769.4434
112403,1869.1355
112404,1959.9502
112405,2058.5469
112406,2198.1387
112407,2244.6895
112408,2268.854
112409,2260.8855
112410,2271.681
112411,2253.5676
112412,2205.3154
112413,2163.2134
112414,2109.1614
112415,2128.497
112416,1993.9358
112417,1620.5126
112418,1540.8386
112419,1470.3185
112420,1428.0283
112421,1360.6392
112422,1355.2843
112423,1347.2747
112424,1365.9032
112425,1420.9075
112426,1538.611
112427,1654.3942
112428,1719.5839
112429,1823.8461
112430,1952.5522
112431,2029.2227
112432,2052.544
112433,2065.6382
112434,2085.07
112435,2067.2805
112436,2027.7153
112437,1991.6173
112438,1944.9962
112439,1955.4377
112440,1857.7277
112441,1802.1177
112442,1673.6143
112443,1625.4792
112444,1564.2491
112445,1507.788
112446,1517.6686
112447,1532.7283
112448,1584.6133
112449,1581.8451
112450,1628.4623
112451,1715.1891
112452,1786.4706
112453,1849.1602
112454,1951.9125
112455,2005.972
112456,2006.2432
112457,2030.4836
112458,2031.4832
112459,2060.9692
112460,2077.1833
112461,2047.2418
112462,2013.118
112463,2005.4827
112464,1918.3457
112465,1832.8037
112466,1675.3505
112467,1633.7092
112468,1580.5428
112469,1551.2274
112470,1557.6405
112471,1641.9142
112472,1817.4669
112473,1834.2904
112474,1873.1831
112475,1910.0573
112476,2008.6013
112477,2070.3152
112478,2164.2444
112479,2227.4656
112480,2231.4297
112481,2236.6577
112482,2248.306
112483,2242.3103
112484,2245.7244
112485,2208.3357
112486,2190.0623
112487,2185.3745
112488,2036.3292
112489,1949.8307
112490,1784.8131
112491,1743.7556
112492,1684.6239
112493,1648.122
112494,1663.23
112495,1737.6792
112496,1919.2892
112497,1931.0487
112498,1957.1038
112499,2006.0012
112500,2088.293
112501,2145.086
112502,2236.977
112503,2310.0298
112504,2310.6868
112505,2313.09
112506,2332.584
112507,2328.636
112508,2335.312
112509,2289.6636
112510,2255.559
112511,2254.4175
112512,2120.7432
112513,1973.3452
112514,1810.5842
112515,1770.1028
112516,1706.4274
112517,1651.2646
112518,1671.3712
112519,1743.7933
112520,1919.5992
112521,1935.1245
112522,1954.694
112523,2010.3687
112524,2103.4766
112525,2160.9333
112526,2258.8713
112527,2318.5828
112528,2324.4612
112529,2327.1633
112530,2350.51
112531,2356.2124
112532,2354.6296
112533,2311.5623
112534,2273.3076
112535,2268.4434
112536,2134.3765
112537,1917.0444
112538,1758.9625
112539,1706.6537
112540,1684.2599
112541,1632.1229
112542,1646.4937
112543,1724.9785
112544,1922.5459
112545,1925.378
112546,1960.6956
112547,1991.5815
112548,2057.967
112549,2108.9675
112550,2226.1018
112551,2245.296
112552,2251.4158
112553,2256.5405
112554,2277.1116
112555,2285.1003
112556,2281.5408
112557,2240.9072
112558,2244.0828
112559,2217.6604
112560,2079.143
112561,1927.7173
112562,1778.9783
112563,1701.8656
112564,1687.5333
112565,1646.4525
112566,1653.6198
112567,1703.0726
112568,1904.3744
112569,1904.24
112570,1944.4586
112571,1971.7743
112572,2030.725
112573,2088.229
112574,2217.0015
112575,2229.9624
112576,2228.999
112577,2235.8499
112578,2251.1018
112579,2247.9988
112580,2248.7253
112581,2208.0955
112582,2211.6575
112583,2169.7969
112584,2037.062
112585,1755.3186
112586,1634.3335
112587,1568.9082
112588,1555.7607
112589,1504.8501
112590,1499.7714
112591,1520.3118
112592,1601.8948
112593,1606.8578
112594,1663.4086
112595,1714.5201
112596,1755.6271
112597,1819.6211
112598,1937.213
112599,1954.3126
112600,1950.8683
112601,1967.9943
112602,1987.2789
112603,2001.2062
112604,2010.7325
112605,1981.5411
112606,1979.6744
112607,1930.2429
112608,1855.4819
112609,1538.32
112610,1437.7017
112611,1368.6714
112612,1309.3522
112613,1258.6073
112614,1253.8607
112615,1267.3867
112616,1279.0343
112617,1342.7041
112618,1440.8055
112619,1543.2866
112620,1600.5159
112621,1698.4069
112622,1797.7211
112623,1886.2733
112624,1896.6376
112625,1916.5585
112626,1916.6917
112627,1937.8408
112628,1914.6272
112629,1868.1365
112630,1876.2234
112631,1809.6932
112632,1749.991
112633,1670.7661
112634,1535.4734
112635,1448.2662
112636,1403.7634
112637,1356.8606
112638,1360.7125
112639,1429.5859
112640,1593.2236
112641,1623.3942
112642,1713.6444
112643,1791.8817
112644,1877.8586
112645,1981.254
112646,2062.4788
112647,2127.022
112648,2147.6902
112649,2150.2913
112650,2161.1917
112651,2155.02
112652,2128.9888
112653,2083.948
112654,2073.6
112655,2021.3397
112656,1905.9318
112657,1701.7214
112658,1579.2085
112659,1487.7173
112660,1448.2408
112661,1398.9867
112662,1413.6798
112663,1460.229
112664,1605.8572
112665,1651.904
112666,1732.2052
112667,1817.8147
112668,1890.0735
112669,1990.6964
112670,2073.9238
112671,2134.635
112672,2160.399
112673,2152.249
112674,2172.3203
112675,2156.622
112676,2134.9006
112677,2078.0688
112678,2070.1997
112679,2035.3634
112680,1913.585
112681,1705.2037
112682,1587.8198
112683,1497.8134
112684,1455.1794
112685,1405.84
112686,1418.2372
112687,1471.4253
112688,1613.679
112689,1660.1023
112690,1731.3573
112691,1818.9764
112692,1893.0806
112693,1993.762
112694,2076.331
112695,2132.0757
112696,2158.685
112697,2162.4775
112698,2169.2646
112699,2158.568
112700,2134.1782
112701,2077.6418
112702,2073.2437
112703,2037.3519
112704,1907.8331
112705,1755.712
112706,1641.3271
112707,1548.3029
112708,1510.3031
112709,1471.3077
112710,1477.772
112711,1527.5377
112712,1673.1484
112713,1714.8064
112714,1794.6484
112715,1880.6375
112716,1953.2117
112717,2052.4731
112718,2132.9634
112719,2180.8179
112720,2208.2466
112721,2199.4873
112722,2213.9324
112723,2207.1814
112724,2173.561
112725,2124.1763
112726,2115.1204
112727,2085.9026
112728,1957.0637
112729,1696.3969
112730,1588.8079
112731,1472.1598
112732,1431.0302
112733,1393.691
112734,1397.2336
112735,1426.5856
112736,1568.814
112737,1606.3708
112738,1686.4182
112739,1772.742
112740,1852.3577
112741,1959.2062
112742,2044.0137
112743,2086.0864
112744,2108.184
112745,2094.5605
112746,2107.699
112747,2092.0728
112748,2061.4495
112749,2018.7024
112750,2001.8904
112751,1960.3385
112752,1841.2355
112753,1556.1178
112754,1472.8419
112755,1384.3832
112756,1335.6359
112757,1289.114
112758,1284.5044
112759,1291.5023
112760,1315.6482
112761,1362.1199
112762,1466.9009
112763,1576.3496
112764,1630.9814
112765,1739.6732
112766,1826.7645
112767,1865.7943
112768,1885.2042
112769,1894.1072
112770,1898.2185
112771,1918.0681
112772,1883.1447
112773,1834.4128
112774,1831.2179
112775,1783.3568
112776,1690.7509
112777,1622.7698
112778,1522.6688
112779,1450.9475
112780,1406.2308
112781,1356.7008
112782,1360.794
112783,1369.8882
112784,1385.7894
112785,1442.687
112786,1547.9371
112787,1636.8983
112788,1702.8237
112789,1807.5527
112790,1927.5923
112791,2010.9995
112792,2046.7776
112793,2058.4243
112794,2064.9731
112795,2071.4705
112796,2042.8091
112797,2003.2108
112798,1993.715
112799,1937.5615
112800,1882.001
112801,1726.435
112802,1590.6693
112803,1502.089
112804,1473.2434
112805,1439.6178
112806,1434.5587
112807,1505.8876
112808,1650.8423
112809,1691.491
112810,1769.5004
112811,1848.517
112812,1953.3274
112813,2051.283
112814,2175.8792
112815,2232.627
112816,2279.6104
112817,2282.5105
112818,2274.5352
112819,2272.7146
112820,2228.3416
112821,2186.3083
112822,2166.379
112823,2127.9878
112824,2007.4207
112825,1748.7706
112826,1629.7522
112827,1534.3931
112828,1501.0446
112829,1456.5345
112830,1463.8322
112831,1533.6481
112832,1654.5697
112833,1697.1929
112834,1773.9159
112835,1859.2129
112836,1961.1045
112837,2051.237
112838,2186.1174
112839,2230.932
112840,2280.3586
112841,2288.054
112842,2276.103
112843,2284.996
112844,2237.1777
112845,2184.2412
112846,2166.5183
112847,2138.516
112848,2018.0157
112849,1767.2148
112850,1646.6713
112851,1559.1118
112852,1521.5813
112853,1468.9402
112854,1480.6611
112855,1553.8075
112856,1674.8896
112857,1717.6027
112858,1796.4167
112859,1867.7319
112860,1973.5364
112861,2068.1382
112862,2192.7454
112863,2229.5461
112864,2280.6309
112865,2287.2341
112866,2280.7502
112867,2285.163
112868,2236.6985
112869,2185.8306
112870,2174.1057
112871,2149.397
112872,2017.2415
112873,1752.6129
112874,1625.5071
112875,1536.4098
112876,1508.7996
112877,1462.8529
112878,1467.0525
112879,1544.6111
112880,1669.6638
112881,1706.449
112882,1791.0184
112883,1852.2461
112884,1959.201
112885,2055.392
112886,2177.6633
112887,2224.0476
112888,2274.1675
112889,2281.5208
112890,2271.6736
112891,2282.665
112892,2225.561
112893,2189.9556
112894,2172.012
112895,2140.111
112896,2006.8507
112897,1714.6653
112898,1604.5354
112899,1495.7943
112900,1480.5637
112901,1443.9106
112902,1443.1964
112903,1482.147
112904,1620.4158
112905,1657.5227
112906,1740.9474
112907,1800.5109
112908,1889.5259
112909,2001.4233
112910,2123.6572
112911,2162.2715
112912,2207.953
112913,2211.0867
112914,2199.1228
112915,2202.0342
112916,2139.888
112917,2115.383
112918,2093.9104
112919,2061.8364
112920,1933.9163
112921,1677.8049
112922,1584.5292
112923,1500.1738
112924,1479.7861
112925,1423.3516
112926,1431.8314
112927,1448.8092
112928,1467.2263
112929,1511.1368
112930,1623.293
112931,1711.0669
112932,1781.4683
112933,1884.3967
112934,1999.5436
112935,2044.2971
112936,2080.1865
112937,2090.4119
112938,2091.5715
112939,2109.0076
112940,2057.582
112941,2026.989
112942,2013.569
112943,1963.4714
112944,1874.8704
112945,1571.013
112946,1478.245
112947,1404.8674
112948,1368.4366
112949,1330.2869
112950,1302.763
112951,1340.0687
112952,1344.8357
112953,1407.2102
112954,1523.7185
112955,1599.9006
112956,1653.5939
112957,1768.404
112958,1851.2573
112959,1929.7434
112960,1966.186
112961,1982.0974
112962,1992.4303
112963,2000.9392
112964,1974.01
112965,1929.7467
112966,1933.0001
112967,1863.9304
112968,1802.2053
112969,1632.7164
112970,1504.735
112971,1425.7004
112972,1393.5046
112973,1359.4998
112974,1343.8619
112975,1432.2622
112976,1562.7146
112977,1601.8043
112978,1691.9635
112979,1764.4694
112980,1856.5016
112981,1956.1538
112982,2041.9553
112983,2110.0706
112984,2153.6174
112985,2164.8013
112986,2157.8984
112987,2149.7039
112988,2118.2046
112989,2072.861
112990,2072.8604
112991,2018.4198
112992,1879.7697
112993,1695.1709
112994,1586.4895
112995,1503.1373
112996,1465.6547
112997,1423.6447
112998,1422.7637
112999,1503.576
113000,1615.0332
113001,1663.2122
113002,1743.3492
113003,1817.9539
113004,1901.722
113005,1997.7338
113006,2089.9375
113007,2157.189
113008,2201.3794
113009,2196.9004
113010,2206.2375
113011,2203.1057
113012,2162.7866
113013,2115.017
113014,2112.0588
113015,2076.2197
113016,1928.152
113017,1778.4843
113018,1661.8297
113019,1570.6934
113020,1531.7283
113021,1487.2611
113022,1486.9486
113023,1562.4579
113024,1687.7699
113025,1737.8031
113026,1818.2798
113027,1893.5165
113028,1986.4204
113029,2082.203
113030,2171.7988
113031,2212.6948
113032,2261.9644
113033,2260.283
113034,2259.993
113035,2260.9326
113036,2220.2048
113037,2173.1348
113038,2178.1785
113039,2133.4448
113040,1994.5951
113041,1767.2245
113042,1665.4568
113043,1577.0013
113044,1532.0739
113045,1492.7926
113046,1492.1886
113047,1572.616
113048,1691.4943
113049,1735.9532
113050,1823.6787
113051,1894.5353
113052,1984.3464
113053,2089.721
113054,2172.2834
113055,2222.6929
113056,2276.0554
113057,2274.5847
113058,2266.116
113059,2269.1772
113060,2219.2244
113061,2183.2935
113062,2182.0603
113063,2139.5144
113064,2001.4045
113065,1747.481
113066,1644.2969
113067,1533.9565
113068,1505.0939
113069,1457.6559
113070,1459.98
113071,1503.9169
113072,1632.5251
113073,1675.2487
113074,1752.3849
113075,1839.2092
113076,1924.9427
113077,2030.0618
113078,2115.801
113079,2168.194
113080,2215.7424
113081,2221.2812
113082,2219.2861
113083,2207.5554
113084,2155.3962
113085,2110.0923
113086,2113.829
113087,2059.576
113088,1920.1002
113089,1648.5076
113090,1567.4637
113091,1476.7141
113092,1453.2441
113093,1399.2169
113094,1394.2258
113095,1410.998
113096,1427.3105
113097,1484.0791
113098,1592.876
113099,1700.2189
113100,1767.3757
113101,1871.6642
113102,1948.0396
113103,1988.4417
113104,2026.6865
113105,2037.2817
113106,2044.685
113107,2049.944
113108,2011.0153
113109,1963.159
113110,1969.5336
113111,1908.6621
113112,1815.6129
113113,1522.3569
113114,1472.3492
113115,1388.5242
113116,1357.2618
113117,1310.4708
113118,1301.0444
113119,1324.2773
113120,1313.4288
113121,1376.4456
113122,1441.7839
113123,1521.5487
113124,1566.2697
113125,1652.9945
113126,1745.7687
113127,1813.6399
113128,1825.0454
113129,1829.9596
113130,1833.5599
113131,1870.5045
113132,1841.5636
113133,1807.5536
113134,1814.3779
113135,1766.7823
113136,1686.6138
113137,1587.4167
113138,1511.6249
113139,1426.0084
113140,1403.2771
113141,1373.8302
113142,1378.7239
113143,1442.9352
113144,1566.5554
113145,1626.8546
113146,1677.831
113147,1737.5929
113148,1822.8656
113149,1909.9692
113150,1981.7041
113151,2030.6794
113152,2055.3953
113153,2048.591
113154,2050.4
113155,2061.2595
113156,2041.9808
113157,2002.2421
113158,2005.008
113159,1949.3425
113160,1831.2483
113161,1663.2535
113162,1573.3888
113163,1498.7572
113164,1467.1384
113165,1432.7184
113166,1456.0449
113167,1509.1698
113168,1626.0857
113169,1685.5253
113170,1728.1119
113171,1792.168
113172,1868.4429
113173,1946.9935
113174,2028.5787
113175,2058.9834
113176,2091.2375
113177,2077.0227
113178,2078.4812
113179,2101.376
113180,2084.1313
113181,2040.0491
113182,2042.3807
113183,2004.831
113184,1878.8435
113185,1626.6531
113186,1536.8463
113187,1455.9469
113188,1433.8671
113189,1399.088
113190,1418.4448
113191,1469.1184
113192,1595.4034
113193,1651.8322
113194,1693.1063
113195,1764.872
113196,1826.6544
113197,1912.9591
113198,1994.1133
113199,2013.4531
113200,2042.564
113201,2036.6216
113202,2038.8041
113203,2069.9668
113204,2045.9417
113205,2011.7346
113206,2005.5819
113207,1963.2867
113208,1831.1158
113209,1490.9465
113210,1399.4375
113211,1329.0596
113212,1291.9623
113213,1260.895
113214,1277.4562
113215,1335.6208
113216,1458.54
113217,1512.6007
113218,1561.2682
113219,1618.5895
113220,1693.5431
113221,1777.4962
113222,1851.4282
113223,1882.7417
113224,1907.1489
113225,1902.0621
113226,1896.7683
113227,1918.2915
113228,1900.8162
113229,1868.12
113230,1872.3708
113231,1814.2405
113232,1697.3196
113233,1492.4868
113234,1402.5051
113235,1307.3618
113236,1290.6163
113237,1262.4938
113238,1281.7753
113239,1295.5637
113240,1429.8561
113241,1487.3834
113242,1529.709
113243,1591.6521
113244,1655.5317
113245,1737.8104
113246,1813.1088
113247,1845.8899
113248,1873.1744
113249,1867.2659
113250,1858.0929
113251,1875.8477
113252,1851.5597
113253,1819.4972
113254,1816.6642
113255,1758.2904
113256,1639.7206
113257,1370.4655
113258,1325.5348
113259,1236.9559
113260,1203.089
113261,1161.338
113262,1161.9979
113263,1163.3093
113264,1182.7952
113265,1238.5552
113266,1302.2393
113267,1398.3169
113268,1443.1046
113269,1531.3285
113270,1621.034
113271,1645.814
113272,1670.139
113273,1659.3944
113274,1659.8414
113275,1694.7008
113276,1676.4937
113277,1634.383
113278,1631.254
113279,1571.2031
113280,1483.9867
113281,1352.8651
113282,1243.7518
113283,1196.1816
113284,1172.9058
113285,1145.9116
113286,1134.249
113287,1143.5889
113288,1210.2952
113289,1211.8916
113290,1312.0201
113291,1366.3146
113292,1408.9298
113293,1488.3771
113294,1562.153
113295,1643.9497
113296,1660.5265
113297,1673.5654
113298,1692.5427
113299,1697.6005
113300,1681.4153
113301,1657.8187
113302,1662.8176
113303,1625.9379
113304,1534.2927
113305,1457.1588
113306,1353.0361
113307,1296.3962
113308,1257.0151
113309,1247.5717
113310,1246.1672
113311,1310.7156
113312,1507.2758
113313,1516.8529
113314,1587.7524
113315,1636.4849
113316,1678.0056
113317,1753.2439
113318,1826.7051
113319,1886.5029
113320,1909.0953
113321,1916.4291
113322,1917.2938
113323,1915.9854
113324,1893.4819
113325,1866.1324
113326,1865.6
113327,1839.4883
113328,1716.3027
113329,1554.5582
113330,1440.7761
113331,1386.4749
113332,1364.7977
113333,1343.8442
113334,1333.3684
113335,1405.6194
113336,1605.0848
113337,1600.8641
113338,1670.8691
113339,1715.0106
113340,1741.1282
113341,1820.2004
113342,1894.8088
113343,1950.8071
113344,1978.03
113345,1997.8629
113346,1997.9763
113347,1991.8796
113348,1966.1744
113349,1938.3452
113350,1942.1348
113351,1907.9556
113352,1797.2706
113353,1595.5483
113354,1480.7782
113355,1432.8268
113356,1399.312
113357,1381.609
113358,1374.1023
113359,1440.4303
113360,1639.6416
113361,1639.6138
113362,1701.3936
113363,1749.5493
113364,1792.5217
113365,1863.2401
113366,1942.592
113367,1994.062
113368,2016.3904
113369,2027.4745
113370,2027.2944
113371,2021.9037
113372,1995.9319
113373,1963.8837
113374,1964.7019
113375,1935.5059
113376,1819.9481
113377,1571.8423
113378,1468.1567
113379,1410.3665
113380,1381.9183
113381,1360.1056
113382,1356.0485
113383,1419.6135
113384,1626.3208
113385,1611.6853
113386,1692.5638
113387,1735.3325
113388,1765.0884
113389,1851.2736
113390,1920.4418
113391,1974.6749
113392,2005.3062
113393,2015.4613
113394,2023.4989
113395,2004.0977
113396,1972.385
113397,1953.8108
113398,1940.6025
113399,1916.4791
113400,1805.2561
113401,1617.0262
113402,1513.6357
113403,1433.3492
113404,1405.7662
113405,1398.1609
113406,1389.56
113407,1409.4478
113408,1614.408
113409,1615.2831
113410,1683.6495
113411,1740.2449
113412,1770.4037
113413,1846.3925
113414,1929.7212
113415,1983.8326
113416,2001.2886
113417,2005.8367
113418,2010.9788
113419,1974.2115
113420,1952.5873
113421,1924.1045
113422,1908.4703
113423,1891.0735
113424,1799.594
113425,1525.8251
113426,1419.1188
113427,1362.1376
113428,1340.9794
113429,1319.1028
113430,1306.5527
113431,1302.9774
113432,1401.2023
113433,1399.9971
113434,1495.1498
113435,1567.1051
113436,1604.5955
113437,1695.7958
113438,1758.0175
113439,1813.5548
113440,1834.3741
113441,1843.8251
113442,1855.0175
113443,1835.9248
113444,1819.6761
113445,1784.9382
113446,1792.3
113447,1751.5026
113448,1652.3043
113449,1422.0872
113450,1316.9836
113451,1265.9426
113452,1233.6031
113453,1193.0828
113454,1209.0247
113455,1225.7812
113456,1298.9207
113457,1311.9774
113458,1352.7849
113459,1443.7117
113460,1475.7164
113461,1543.8536
113462,1604.3188
113463,1687.4584
113464,1677.2334
113465,1714.2438
113466,1718.0421
113467,1714.607
113468,1708.9119
113469,1676.2451
113470,1696.195
113471,1646.273
113472,1547.0507
113473,1448.0476
113474,1345.4565
113475,1296.0396
113476,1275.4315
113477,1241.5416
113478,1249.8771
113479,1324.6029
113480,1525.6827
113481,1544.2272
113482,1563.8663
113483,1639.9845
113484,1665.5427
113485,1739.5924
113486,1801.7273
113487,1868.6199
113488,1864.4573
113489,1889.5181
113490,1880.253
113491,1870.2863
113492,1845.999
113493,1820.4988
113494,1832.4142
113495,1794.8811
113496,1663.3982
113497,1482.9292
113498,1375.0924
113499,1321.4369
113500,1298.6309
113501,1268.1515
113502,1280.9987
113503,1345.4404
113504,1547.4723
113505,1556.0873
113506,1576.7004
113507,1642.6467
113508,1662.9941
113509,1729.4847
113510,1793.4937
113511,1862.5452
113512,1856.4257
113513,1878.9165
113514,1879.4623
113515,1873.4731
113516,1865.5176
113517,1822.4342
113518,1846.8904
113519,1801.9662
113520,1676.9551
113521,1481.8016
113522,1373.3491
113523,1327.4686
113524,1299.0106
113525,1267.3896
113526,1278.6176
113527,1343.8237
113528,1541.4073
113529,1552.3433
113530,1571.1514
113531,1646.6184
113532,1671.8961
113533,1747.6628
113534,1806.1794
113535,1863.6437
113536,1860.6893
113537,1877.8807
113538,1872.92
113539,1849.8046
113540,1841.4608
113541,1810.1665
113542,1826.4802
113543,1792.9744
113544,1671.9137
113545,1511.8632
113546,1402.1515
113547,1352.7308
113548,1332.3058
113549,1301.1223
113550,1302.8619
113551,1366.2859
113552,1574.8396
113553,1581.0323
113554,1600.1857
113555,1677.8336
113556,1700.3517
113557,1765.0499
113558,1834.0658
113559,1886.5342
113560,1892.5491
113561,1912.1173
113562,1903.6257
113563,1875.5621
113564,1853.1777
113565,1829.9763
113566,1842.7402
113567,1815.614
113568,1701.939
113569,1479.2793
113570,1384.4513
113571,1312.7539
113572,1306.2375
113573,1276.0967
113574,1273.7836
113575,1301.8486
113576,1512.4254
113577,1524.273
113578,1545.0001
113579,1612.3303
113580,1639.4984
113581,1701.6459
113582,1776.5591
113583,1823.6438
113584,1831.4347
113585,1843.683
113586,1830.6095
113587,1800.0841
113588,1775.2931
113589,1750.3888
113590,1763.5243
113591,1737.6183
113592,1620.9454
113593,1433.6067
113594,1321.8447
113595,1249.0907
113596,1244.3113
113597,1209.9181
113598,1219.3285
113599,1230.3577
113600,1326.3306
113601,1334.2206
113602,1384.2535
113603,1478.4827
113604,1508.8044
113605,1583.6334
113606,1635.3851
113607,1664.5608
113608,1653.9612
113609,1681.5586
113610,1690.8741
113611,1678.6202
113612,1659.4398
113613,1626.8679
113614,1651.536
113615,1612.1969
113616,1485.4089
113617,1268.165
113618,1164.1345
113619,1114.4114
113620,1074.2052
113621,1040.6473
113622,1046.6913
113623,1052.7695
113624,1145.3152
113625,1143.5155
113626,1186.983
113627,1256.407
113628,1305.5623
113629,1376.7002
113630,1456.3927
113631,1463.9434
113632,1487.1693
113633,1511.8766
113634,1511.4836
113635,1531.9087
113636,1510.0743
113637,1509.4188
113638,1523.8273
113639,1471.1478
113640,1346.9093
113641,1368.8302
113642,1271.2378
113643,1221.8706
113644,1192.0514
113645,1170.1049
113646,1170.2264
113647,1250.8728
113648,1460.2661
113649,1484.1658
113650,1503.3586
113651,1537.9639
113652,1569.8086
113653,1649.0479
113654,1725.4261
113655,1742.989
113656,1773.442
113657,1787.8584
113658,1785.846
113659,1773.698
113660,1728.8989
113661,1733.0122
113662,1744.353
113663,1696.2611
113664,1562.0463
113665,1422.6864
113666,1322.6719
113667,1272.4993
113668,1237.3766
113669,1208.5101
113670,1212.6375
113671,1282.8572
113672,1497.3256
113673,1511.7548
113674,1527.2385
113675,1565.7441
113676,1599.7052
113677,1670.2549
113678,1751.0199
113679,1774.6177
113680,1804.3274
113681,1812.546
113682,1814.004
113683,1803.5295
113684,1766.342
113685,1755.749
113686,1769.9154
113687,1731.1023
113688,1595.0565
113689,1419.751
113690,1314.3921
113691,1262.4453
113692,1220.9634
113693,1201.2561
113694,1201.075
113695,1271.308
113696,1479.7242
113697,1500.8545
113698,1518.6306
113699,1558.4108
113700,1594.1672
113701,1664.3234
113702,1744.573
113703,1755.5969
113704,1783.545
113705,1783.3435
113706,1786.5896
113707,1777.7201
113708,1740.871
113709,1730.5094
113710,1739.3481
113711,1703.1467
113712,1568.6146
113713,1407.0381
113714,1304.3704
113715,1257.646
113716,1226.4104
113717,1199.4452
113718,1191.5393
113719,1269.9825
113720,1480.9504
113721,1489.9324
113722,1510.5132
113723,1555.8335
113724,1583.1652
113725,1652.6772
113726,1739.8738
113727,1754.6212
113728,1778.613
113729,1787.4146
113730,1793.2202
113731,1784.0465
113732,1739.0547
113733,1735.107
113734,1744.301
113735,1694.9949
113736,1574.4708
113737,1472.3153
113738,1373.2279
113739,1302.286
113740,1286.7716
113741,1269.806
113742,1253.1018
113743,1292.7128
113744,1510.2916
113745,1530.575
113746,1545.7427
113747,1584.4513
113748,1612.5214
113749,1685.8109
113750,1774.9595
113751,1783.2485
113752,1805.2068
113753,1801.1089
113754,1813.7015
113755,1780.358
113756,1743.478
113757,1743.1771
113758,1752.2952
113759,1699.2069
113760,1588.5908
113761,1418.5087
113762,1305.6152
113763,1244.7467
113764,1219.2703
113765,1198.726
113766,1186.3728
113767,1189.5721
113768,1287.8185
113769,1302.982
113770,1348.1926
113771,1417.7992
113772,1465.2936
113773,1538.0258
113774,1615.2615
113775,1627.0764
113776,1642.5463
113777,1656.4663
113778,1658.6804
113779,1656.1976
113780,1636.0221
113781,1632.709
113782,1652.0387
113783,1582.7542
113784,1482.4822
113785,1450.2972
113786,1344.9198
113787,1285.1554
113788,1260.5969
113789,1240.3334
113790,1234.5616
113791,1238.045
113792,1322.8618
113793,1333.6195
113794,1375.3165
113795,1446.8651
113796,1489.636
113797,1558.7307
113798,1638.4343
113799,1658.3959
113800,1652.2166
113801,1662.4382
113802,1674.4045
113803,1699.0232
113804,1690.3286
113805,1694.4655
113806,1690.4735
113807,1657.9375
113808,1545.7555
113809,1431.5457
113810,1323.0386
113811,1265.0555
113812,1239.2224
113813,1210.4043
113814,1216.3806
113815,1303.329
113816,1505.7819
113817,1530.8634
113818,1550.5471
113819,1598.6914
113820,1641.5284
113821,1709.1459
113822,1783.2131
113823,1818.0735
113824,1826.7885
113825,1837.2114
113826,1831.0114
113827,1837.6766
113828,1802.0634
113829,1803.1086
113830,1799.4698
113831,1769.9254
113832,1630.5684
113833,1521.1007
113834,1401.5966
113835,1336.135
113836,1324.24
113837,1301.6006
113838,1300.6154
113839,1374.4366
113840,1594.1223
113841,1613.1195
113842,1623.6132
113843,1668.174
113844,1693.7368
113845,1763.7753
113846,1835.2129
113847,1858.7361
113848,1871.3756
113849,1885.114
113850,1871.9271
113851,1870.6342
113852,1845.3928
113853,1849.0258
113854,1850.5752
113855,1827.7766
113856,1687.6742
113857,1496.1206
113858,1379.5037
113859,1316.2983
113860,1301.774
113861,1280.8485
113862,1279.3588
113863,1351.1311
113864,1571.2085
113865,1593.8116
113866,1606.5487
113867,1645.7871
113868,1671.6266
113869,1738.0227
113870,1807.0448
113871,1822.997
113872,1833.6724
113873,1840.0057
113874,1837.5422
113875,1835.904
113876,1805.351
113877,1808.6532
113878,1808.6288
113879,1780.5757
113880,1641.7965
113881,1490.9377
113882,1373.3085
113883,1317.0878
113884,1301.1208
113885,1278.549
113886,1281.6135
113887,1349.5897
113888,1565.2975
113889,1579.3995
113890,1598.015
113891,1639.4287
113892,1663.3623
113893,1732.924
113894,1801.9272
113895,1820.9142
113896,1828.6095
113897,1843.1321
113898,1833.5216
113899,1834.7882
113900,1804.6292
113901,1812.3578
113902,1804.8284
113903,1771.1353
113904,1646.4874
113905,1491.9448
113906,1382.2626
113907,1310.4506
113908,1292.1287
113909,1283.023
113910,1273.4264
113911,1321.7006
113912,1529.4008
113913,1549.2644
113914,1563.3196
113915,1604.1006
113916,1631.8882
113917,1706.5706
113918,1780.0875
113919,1784.5813
113920,1805.2018
113921,1807.4502
113922,1796.5546
113923,1777.89
113924,1755.3557
113925,1765.3374
113926,1760.8589
113927,1716.9767
113928,1599.8975
113929,1417.8589
113930,1300.6034
113931,1238.0669
113932,1235.0901
113933,1212.9396
113934,1203.6609
113935,1204.5818
113936,1306.5253
113937,1318.2994
113938,1367.2623
113939,1427.2211
113940,1461.7164
113941,1545.3726
113942,1604.9677
113943,1609.6995
113944,1612.6198
113945,1625.5264
113946,1634.6658
113947,1641.835
113948,1645.2042
113949,1645.8271
113950,1640.0455
113951,1583.9045
113952,1495.6696
113953,1322.5665
113954,1244.2413
113955,1213.8019
113956,1161.0319
113957,1133.5663
113958,1153.2267
113959,1149.3033
113960,1230.489
113961,1238.6196
113962,1271.2063
113963,1337.449
113964,1352.6741
113965,1375.6958
113966,1439.0264
113967,1429.4965
113968,1417.8052
113969,1441.1229
113970,1428.904
113971,1460.479
113972,1486.0839
113973,1491.4976
113974,1517.8966
113975,1510.4717
113976,1412.9816
113977,1375.534
113978,1297.2361
113979,1255.5015
113980,1218.7441
113981,1211.553
113982,1241.1244
113983,1327.865
113984,1524.584
113985,1552.8276
113986,1567.705
113987,1604.0841
113988,1620.2263
113989,1635.9407
113990,1680.9373
113991,1664.3077
113992,1661.4615
113993,1677.0433
113994,1671.7079
113995,1678.7714
113996,1669.975
113997,1677.961
113998,1701.6621
113999,1679.0284
114000,1575.1504
114001,1439.5864
114002,1342.7013
114003,1296.0729
114004,1274.1604
114005,1267.2379
114006,1307.3049
114007,1375.7964
114008,1578.9918
114009,1599.37
114010,1605.646
114011,1642.2714
114012,1642.9746
114013,1657.2966
114014,1697.8348
114015,1679.908
114016,1675.305
114017,1699.2634
114018,1697.4437
114019,1701.7147
114020,1695.8273
114021,1696.0303
114022,1720.3967
114023,1696.7675
114024,1602.6566
114025,1469.8375
114026,1383.8674
114027,1340.144
114028,1309.2721
114029,1296.7148
114030,1331.7555
114031,1394.0532
114032,1598.2484
114033,1620.0071
114034,1619.8828
114035,1668.0981
114036,1671.5806
114037,1683.0917
114038,1734.3193
114039,1724.1617
114040,1712.6298
114041,1727.576
114042,1722.1102
114043,1720.5541
114044,1716.5846
114045,1722.1669
114046,1744.3983
114047,1728.8365
114048,1627.6641
114049,1468.3882
114050,1387.2437
114051,1343.5978
114052,1317.9159
114053,1294.3375
114054,1329.5829
114055,1399.4043
114056,1608.395
114057,1622.4182
114058,1637.7499
114059,1666.9668
114060,1670.3894
114061,1683.459
114062,1728.7076
114063,1720.0133
114064,1718.5529
114065,1732.3408
114066,1735.4952
114067,1735.8469
114068,1718.7158
114069,1738.9872
114070,1744.5992
114071,1729.7476
114072,1633.9989
114073,1538.1777
114074,1454.2877
114075,1383.8762
114076,1356.7167
114077,1339.4232
114078,1371.7568
114079,1413.3197
114080,1607.8752
114081,1634.8455
114082,1641.6241
114083,1681.0565
114084,1697.1105
114085,1704.6508
114086,1757.8783
114087,1752.652
114088,1741.7882
114089,1748.6643
114090,1746.9341
114091,1719.1732
114092,1713.0266
114093,1730.0237
114094,1734.6754
114095,1720.8518
114096,1642.6232
114097,1421.1033
114098,1341.4633
114099,1278.0258
114100,1241.2628
114101,1217.258
114102,1226.1523
114103,1228.8527
114104,1318.3129
114105,1345.1903
114106,1370.9769
114107,1437.4648
114108,1460.6879
114109,1482.2415
114110,1542.2593
114111,1538.2809
114112,1532.0415
114113,1537.1766
114114,1529.0294
114115,1515.3882
114116,1538.623
114117,1529.8342
114118,1570.7367
114119,1558.1478
114120,1471.4861
114121,1407.0104
114122,1337.7126
114123,1291.1613
114124,1247.2144
114125,1227.0546
114126,1230.3094
114127,1245.3977
114128,1310.8035
114129,1326.628
114130,1358.1451
114131,1422.4122
114132,1455.2794
114133,1475.5427
114134,1536.3667
114135,1522.3915
114136,1521.3606
114137,1531.7169
114138,1521.7313
114139,1545.1345
114140,1580.1711
114141,1579.3181
114142,1605.0874
114143,1588.2805
114144,1491.5021
114145,1440.9315
114146,1375.7657
114147,1311.0718
114148,1286.9934
114149,1268.5035
114150,1284.4471
114151,1383.6064
114152,1569.6838
114153,1598.5377
114154,1613.5522
114155,1650.2952
114156,1681.6699
114157,1705.6313
114158,1745.0643
114159,1724.7136
114160,1735.2632
114161,1734.864
114162,1726.63
114163,1721.2776
114164,1727.0529
114165,1731.5612
114166,1741.1831
114167,1724.1722
114168,1625.2249
114169,1455.7743
114170,1384.657
114171,1318.7025
114172,1301.5718
114173,1289.4216
114174,1302.4437
114175,1397.5975
114176,1580.2665
114177,1607.232
114178,1617.9225
114179,1650.1576
114180,1657.8268
114181,1679.1898
114182,1726.5883
114183,1712.0175
114184,1720.8546
114185,1731.6528
114186,1718.0494
114187,1715.5955
114188,1726.0597
114189,1724.5854
114190,1743.2258
114191,1728.8572
114192,1627.1575
114193,1454.607
114194,1377.6255
114195,1311.9033
114196,1288.2678
114197,1269.9344
114198,1288.3804
114199,1376.028
114200,1559.756
114201,1588.271
114202,1593.6858
114203,1629.6921
114204,1647.5123
114205,1669.3773
114206,1711.4528
114207,1693.7759
114208,1709.6378
114209,1694.7134
114210,1690.1385
114211,1674.6089
114212,1689.9985
114213,1693.3898
114214,1717.6022
114215,1704.7128
114216,1597.0947
114217,1478.6636
114218,1402.616
114219,1333.1982
114220,1323.334
114221,1300.1544
114222,1307.997
114223,1397.2985
114224,1590.773
114225,1613.781
114226,1627.1978
114227,1659.6423
114228,1675.6104
114229,1692.4889
114230,1736.7526
114231,1712.4048
114232,1730.3475
114233,1727.4183
114234,1719.7742
114235,1709.9669
114236,1716.0361
114237,1720.3938
114238,1745.9172
114239,1723.5555
114240,1637.2252
114241,1511.3105
114242,1443.8651
114243,1349.7562
114244,1342.645
114245,1320.3365
114246,1325.1945
114247,1388.8708
114248,1579.2758
114249,1596.9111
114250,1613.1351
114251,1647.7424
114252,1674.35
114253,1694.017
114254,1738.0876
114255,1717.8485
114256,1724.5819
114257,1720.3319
114258,1715.5919
114259,1686.9532
114260,1705.7894
114261,1705.1937
114262,1717.6324
114263,1691.5621
114264,1616.7936
114265,1502.3822
114266,1422.9951
114267,1349.5679
114268,1322.0155
114269,1289.5208
114270,1293.8661
114271,1322.4056
114272,1394.2808
114273,1415.6223
114274,1456.3054
114275,1512.7208
114276,1550.726
114277,1563.9364
114278,1623.6879
114279,1610.6769
114280,1605.1036
114281,1610.7241
114282,1602.9391
114283,1596.5051
114284,1640.649
114285,1617.506
114286,1653.7103
114287,1622.5657
114288,1548.5194
114289,1376.4441
114290,1290.2076
114291,1252.7352
114292,1232.6206
114293,1202.0237
114294,1202.0262
114295,1214.2151
114296,1282.0757
114297,1290.6284
114298,1340.3799
114299,1375.2675
114300,1410.23
114301,1429.6958
114302,1497.1874
114303,1485.4692
114304,1452.7333
114305,1472.3458
114306,1453.1487
114307,1502.1416
114308,1530.0968
114309,1533.4064
114310,1563.6293
114311,1563.0349
114312,1457.8849
114313,1410.5751
114314,1335.2384
114315,1289.0812
114316,1266.614
114317,1258.4115
114318,1288.2819
114319,1379.16
114320,1569.3978
114321,1597.1979
114322,1617.8344
114323,1628.6442
114324,1649.6062
114325,1681.0297
114326,1703.7288
114327,1695.3511
114328,1679.5616
114329,1695.22
114330,1674.7047
114331,1679.0359
114332,1685.4805
114333,1706.446
114334,1722.745
114335,1711.3751
114336,1597.5837
114337,1450.6194
114338,1361.4673
114339,1310.0076
114340,1303.6208
114341,1291.0167
114342,1319.5264
114343,1401.4376
114344,1592.0958
114345,1614.225
114346,1630.9946
114347,1646.7719
114348,1659.8705
114349,1680.0477
114350,1710.6605
114351,1700.9862
114352,1680.2651
114353,1695.7008
114354,1676.7542
114355,1688.9607
114356,1709.2493
114357,1709.2815
114358,1735.7766
114359,1724.9178
114360,1606.8986
114361,1460.7168
114362,1367.3969
114363,1318.3069
114364,1303.615
114365,1290.3372
114366,1307.0317
114367,1388.1096
114368,1582.6349
114369,1611.8876
114370,1622.7925
114371,1646.4353
114372,1656.217
114373,1671.5367
114374,1710.4097
114375,1699.9136
114376,1679.0585
114377,1679.9341
114378,1664.8574
114379,1676.5872
114380,1689.3192
114381,1695.8677
114382,1716.4144
114383,1706.6012
114384,1595.9786
114385,1441.8009
114386,1354.6385
114387,1308.6028
114388,1293.6001
114389,1275.4713
114390,1298.6989
114391,1379.5277
114392,1577.3804
114393,1598.4194
114394,1612.6499
114395,1638.326
114396,1644.9998
114397,1656.3734
114398,1697.0648
114399,1686.1073
114400,1662.6272
114401,1671.7079
114402,1659.4775
114403,1675.4133
114404,1691.5005
114405,1703.9946
114406,1721.612
114407,1692.847
114408,1599.8839
114409,1501.8923
114410,1420.5758
114411,1350.8545
114412,1342.9147
114413,1333.036
114414,1346.2988
114415,1401.7803
114416,1593.1533
114417,1622.351
114418,1634.0851
114419,1651.6566
114420,1661.3572
114421,1685.193
114422,1721.1256
114423,1713.6615
114424,1690.2637
114425,1698.4464
114426,1680.2888
114427,1677.4592
114428,1685.6825
114429,1705.2308
114430,1719.8646
114431,1703.3229
114432,1605.7563
114433,1477.9227
114434,1381.7157
114435,1318.5034
114436,1299.8752
114437,1278.8887
114438,1274.7549
114439,1291.5503
114440,1371.3401
114441,1398.7981
114442,1441.3136
114443,1487.2898
114444,1520.6537
114445,1537.565
114446,1598.3367
114447,1581.6593
114448,1546.4147
114449,1557.6371
114450,1532.5496
114451,1545.7673
114452,1591.2833
114453,1585.2014
114454,1617.9865
114455,1602.7751
114456,1531.953
114457,1392.0015
114458,1321.3628
114459,1282.0402
114460,1278.4207
114461,1270.8518
114462,1251.1615
114463,1264.0431
114464,1344.2399
114465,1373.7881
114466,1400.317
114467,1452.6459
114468,1470.1415
114469,1478.4147
114470,1523.2532
114471,1521.9778
114472,1477.7966
114473,1475.3262
114474,1461.1838
114475,1533.7649
114476,1564.6082
114477,1612.0986
114478,1599.795
114479,1587.5585
114480,1500.7444
114481,1449.456
114482,1383.9521
114483,1342.5425
114484,1332.1814
114485,1318.8297
114486,1344.7236
114487,1438.0771
114488,1644.5626
114489,1687.9044
114490,1691.221
114491,1718.1946
114492,1736.6096
114493,1738.2677
114494,1756.3234
114495,1756.9595
114496,1729.1716
114497,1718.6412
114498,1718.1058
114499,1748.9137
114500,1762.2686
114501,1797.3324
114502,1778.062
114503,1758.3389
114504,1663.2814
114505,1505.9246
114506,1425.8546
114507,1367.9694
114508,1361.6686
114509,1354.9662
114510,1373.7651
114511,1463.9421
114512,1665.3292
114513,1707.0396
114514,1707.1498
114515,1730.4305
114516,1749.025
114517,1746.9088
114518,1764.6244
114519,1758.9088
114520,1732.2666
114521,1727.7278
114522,1722.7899
114523,1749.1825
114524,1772.8075
114525,1801.8435
114526,1797.0945
114527,1776.4838
114528,1677.5809
114529,1481.4459
114530,1413.2147
114531,1364.3092
114532,1355.0413
114533,1334.4952
114534,1347.1321
114535,1436.8644
114536,1637.8193
114537,1676.9526
114538,1674.758
114539,1707.3562
114540,1719.6289
114541,1723.4165
114542,1741.521
114543,1732.6895
114544,1706.9037
114545,1696.0334
114546,1698.1517
114547,1720.0828
114548,1734.574
114549,1764.2002
114550,1758.3586
114551,1735.76
114552,1649.2252
114553,1502.4364
114554,1428.618
114555,1386.3824
114556,1377.33
114557,1358.6282
114558,1374.0112
114559,1463.9438
114560,1663.5573
114561,1695.1884
114562,1705.7622
114563,1721.7518
114564,1745.6127
114565,1741.4369
114566,1759.2435
114567,1757.8805
114568,1733.3013
114569,1728.8745
114570,1718.3893
114571,1741.5005
114572,1759.7626
114573,1793.0651
114574,1783.3654
114575,1753.1283
114576,1676.992
114577,1509.7668
114578,1446.066
114579,1387.1654
114580,1389.861
114581,1376.7993
114582,1389.931
114583,1442.4203
114584,1639.8209
114585,1681.9637
114586,1679.4343
114587,1699.371
114588,1713.708
114589,1719.5165
114590,1739.9915
114591,1736.8138
114592,1705.9692
114593,1690.8898
114594,1685.0951
114595,1710.3438
114596,1719.0255
114597,1762.9392
114598,1745.4596
114599,1722.3761
114600,1630.2704
114601,1437.2543
114602,1358.1681
114603,1308.8516
114604,1317.0552
114605,1294.5712
114606,1286.1573
114607,1300.1135
114608,1398.7063
114609,1424.2396
114610,1453.577
114611,1507.3567
114612,1523.2244
114613,1533.0125
114614,1568.527
114615,1556.6392
114616,1522.8522
114617,1516.8656
114618,1504.7277
114619,1550.1323
114620,1577.0466
114621,1625.1953
114622,1604.0365
114623,1596.1387
114624,1513.1334
114625,1363.1289
114626,1293.1361
114627,1264.3505
114628,1253.9392
114629,1238.9178
114630,1236.3318
114631,1257.3829
114632,1350.9592
114633,1366.1393
114634,1404.6656
114635,1435.4777
114636,1435.2736
114637,1436.5264
114638,1478.338
114639,1463.1932
114640,1424.0654
114641,1446.1135
114642,1420.5134
114643,1461.8373
114644,1535.9055
114645,1564.2307
114646,1578.0426
114647,1552.0682
114648,1494.6322
114649,1398.4375
114650,1327.6289
114651,1280.6313
114652,1292.0287
114653,1291.984
114654,1300.5076
114655,1406.0161
114656,1614.8738
114657,1649.2709
114658,1659.2075
114659,1674.6
114660,1664.0945
114661,1662.4392
114662,1686.1484
114663,1675.8452
114664,1643.471
114665,1654.321
114666,1652.3574
114667,1657.5714
114668,1695.5262
114669,1723.4318
114670,1724.2853
114671,1690.285
114672,1613.0168
114673,1413.2712
114674,1337.3054
114675,1280.8645
114676,1281.4348
114677,1278.6902
114678,1301.6051
114679,1400.3463
114680,1596.573
114681,1624.833
114682,1632.7722
114683,1652.964
114684,1643.9556
114685,1633.2926
114686,1666.9935
114687,1655.6356
114688,1623.0326
114689,1632.8912
114690,1631.6676
114691,1639.9531
114692,1683.5804
114693,1700.583
114694,1706.8229
114695,1675.714
114696,1599.9916
114697,1420.0518
114698,1352.4304
114699,1309.6844
114700,1299.3643
114701,1286.8147
114702,1305.1184
114703,1407.4872
114704,1614.9519
114705,1647.9531
114706,1652.7548
114707,1655.9015
114708,1637.1777
114709,1645.1901
114710,1655.64
114711,1631.3508
114712,1608.4185
114713,1605.5311
114714,1608.1637
114715,1646.3171
114716,1686.4415
114717,1713.941
114718,1707.601
114719,1683.4844
114720,1598.2031
114721,1523.1993
114722,1460.8004
114723,1419.7329
114724,1403.2229
114725,1392.3657
114726,1413.6566
114727,1523.7971
114728,1735.0631
114729,1765.2593
114730,1775.3679
114731,1770.1147
114732,1747.976
114733,1748.269
114734,1772.989
114735,1744.1488
114736,1720.7888
114737,1711.2631
114738,1712.2435
114739,1759.7096
114740,1793.4287
114741,1823.1156
114742,1822.6815
114743,1792.8319
114744,1702.9323
114745,1565.1718
114746,1503.6617
114747,1427.5327
114748,1440.1653
114749,1440.9181
114750,1445.8593
114751,1528.5399
114752,1743.7432
114753,1773.8527
114754,1785.3297
114755,1767.9108
114756,1740.9688
114757,1757.0321
114758,1771.2145
114759,1737.8679
114760,1714.2188
114761,1712.2673
114762,1710.8671
114763,1745.379
114764,1780.081
114765,1817.2089
114766,1803.843
114767,1758.607
114768,1685.98
114769,1571.0032
114770,1507.6396
114771,1449.8203
114772,1453.1119
114773,1436.4316
114774,1436.4922
114775,1489.4591
114776,1587.8628
114777,1625.6841
114778,1653.207
114779,1667.9017
114780,1660.0884
114781,1661.0723
114782,1685.6763
114783,1666.782
114784,1630.5055
114785,1633.6754
114786,1628.9014
114787,1675.9592
114788,1746.7571
114789,1770.8329
114790,1761.3119
114791,1705.1919
114792,1659.3165
114793,1475.9935
114794,1412.1373
114795,1392.1959
114796,1358.3826
114797,1337.8516
114798,1351.8494
114799,1392.6533
114800,1470.7198
114801,1498.4285
114802,1519.928
114803,1557.7887
114804,1563.2106
114805,1557.4471
114806,1588.0227
114807,1580.4451
114808,1554.1173
114809,1571.4518
114810,1563.6338
114811,1656.0928
114812,1723.0621
114813,1719.8811
114814,1717.5333
114815,1676.0149
114816,1599.3795
114817,1508.7303
114818,1448.3259
114819,1416.1996
114820,1389.2756
114821,1392.4763
114822,1407.7052
114823,1530.1971
114824,1721.6932
114825,1769.0457
114826,1764.0774
114827,1780.7886
114828,1782.3641
114829,1779.3589
114830,1797.6333
114831,1786.6306
114832,1769.9857
114833,1770.406
114834,1774.5028
114835,1818.2747
114836,1857.1136
114837,1852.5144
114838,1844.1298
114839,1810.2877
114840,1719.3982
114841,1541.1136
114842,1467.4156
114843,1424.652
114844,1403.2574
114845,1400.4138
114846,1434.4663
114847,1540.5468
114848,1738.146
114849,1785.8252
114850,1771.6152
114851,1780.487
114852,1774.9457
114853,1764.3663
114854,1782.4961
114855,1759.6364
114856,1756.1826
114857,1755.7507
114858,1742.8557
114859,1802.4547
114860,1839.0713
114861,1831.3638
114862,1830.7283
114863,1797.2944
114864,1701.8164
114865,1552.1147
114866,1486.8618
114867,1449.4066
114868,1424.127
114869,1410.2349
114870,1429.4865
114871,1538.0155
114872,1747.8998
114873,1784.2877
114874,1767.7384
114875,1783.4364
114876,1770.3246
114877,1763.8224
114878,1785.7183
114879,1766.4427
114880,1756.7245
114881,1755.5624
114882,1754.2172
114883,1806.7761
114884,1844.1268
114885,1843.7391
114886,1832.2618
114887,1805.1848
114888,1709.1055
114889,1540.6465
114890,1470.5385
114891,1433.0786
114892,1416.0834
114893,1404.2681
114894,1420.8693
114895,1541.0184
114896,1741.619
114897,1784.1411
114898,1771.7482
114899,1771.5745
114900,1762.0532
114901,1761.8671
114902,1769.0614
114903,1755.6633
114904,1748.6166
114905,1755.3192
114906,1738.543
114907,1808.4484
114908,1827.5548
114909,1840.2354
114910,1815.3877
114911,1784.4094
114912,1694.119
114913,1568.3376
114914,1505.6652
114915,1443.1089
114916,1426.985
114917,1421.3405
114918,1438.634
114919,1526.527
114920,1721.8767
114921,1762.5099
114922,1756.1595
114923,1757.5049
114924,1754.8131
114925,1752.3925
114926,1768.1399
114927,1748.4149
114928,1737.1833
114929,1730.3397
114930,1727.3533
114931,1792.4222
114932,1813.3296
114933,1813.2039
114934,1801.1102
114935,1765.8704
114936,1681.6255
114937,1568.4474
114938,1497.2012
114939,1450.4932
114940,1430.2288
114941,1415.0593
114942,1421.0968
114943,1473.0878
114944,1548.3318
114945,1599.729
114946,1616.2203
114947,1647.814
114948,1659.1055
114949,1658.6957
114950,1680.3109
114951,1664.345
114952,1650.3099
114953,1645.0192
114954,1638.6647
114955,1706.0813
114956,1751.1714
114957,1753.4039
114958,1750.9562
114959,1716.7382
114960,1646.3885
114961,1527.9762
114962,1468.482
114963,1426.4932
114964,1412.9015
114965,1406.1631
114966,1402.7883
114967,1440.941
114968,1519.5488
114969,1551.2947
114970,1582.046
114971,1608.7976
114972,1596.1309
114973,1595.8473
114974,1628.7651
114975,1612.9774
114976,1601.0405
114977,1602.0295
114978,1599.0844
114979,1694.0923
114980,1756.0684
114981,1758.334
114982,1761.2151
114983,1714.6578
114984,1644.141
114985,1481.3392
114986,1421.7189
114987,1372.8491
114988,1364.391
114989,1372.092
114990,1377.3138
114991,1510.247
114992,1692.3438
114993,1745.1967
114994,1761.5105
114995,1749.052
114996,1747.7935
114997,1739.805
114998,1764.7753
114999,1743.7438
115000,1735.7312
115001,1737.9231
115002,1734.0133
115003,1806.8822
115004,1844.1333
115005,1840.3339
115006,1831.0339
115007,1781.5455
115008,1700.6533
115009,1487.5684
115010,1421.9076
115011,1366.6302
115012,1356.7708
115013,1353.7948
115014,1374.0477
115015,1497.6399
115016,1678.6229
115017,1730.9506
115018,1736.7457
115019,1717.5858
115020,1710.8217
115021,1700.8513
115022,1719.8594
115023,1698.577
115024,1694.2838
115025,1691.4064
115026,1694.3608
115027,1763.9624
115028,1806.347
115029,1787.6173
115030,1796.9324
115031,1751.9473
115032,1664.8322
115033,1495.2517
115034,1426.5089
115035,1368.1604
115036,1355.544
115037,1353.1814
115038,1363.7019
115039,1487.0526
115040,1679.7343
115041,1719.131
115042,1736.4136
115043,1713.9083
115044,1695.895
115045,1692.6495
115046,1711.8772
115047,1689.2573
115048,1689.308
115049,1683.0831
115050,1689.9413
115051,1755.036
115052,1801.3016
115053,1787.2815
115054,1791.0624
115055,1750.3295
115056,1657.422
115057,1470.784
115058,1406.9174
115059,1355.971
115060,1347.6489
115061,1345.2252
115062,1358.5929
115063,1486.9434
115064,1676.8555
115065,1720.4579
115066,1740.6321
115067,1704.6919
115068,1684.4174
115069,1691.3865
115070,1700.3506
115071,1675.5454
115072,1681.605
115073,1674.1992
115074,1670.2577
115075,1741.4504
115076,1771.5841
115077,1781.2255
115078,1773.3424
115079,1733.2698
115080,1643.8997
115081,1584.1818
115082,1521.8373
115083,1450.3237
115084,1451.2941
115085,1446.7585
115086,1458.4312
115087,1550.0464
115088,1737.7734
115089,1789.5685
115090,1799.5543
115091,1777.926
115092,1761.1904
115093,1759.4536
115094,1782.8098
115095,1755.7759
115096,1752.1274
115097,1751.9618
115098,1740.4547
115099,1824.6602
115100,1839.038
115101,1842.3113
115102,1830.7502
115103,1793.6704
115104,1702.0881
115105,1538.9093
115106,1471.066
115107,1406.4938
115108,1399.8259
115109,1398.6302
115110,1391.6816
115111,1450.1549
115112,1524.7372
115113,1575.0427
115114,1608.6344
115115,1617.977
115116,1606.6296
115117,1602.7405
115118,1631.0607
115119,1614.4232
115120,1603.1152
115121,1601.0653
115122,1587.3722
115123,1686.7969
115124,1730.501
115125,1738.0852
115126,1726.8676
115127,1686.0774
115128,1606.0505
115129,1465.2609
115130,1402.288
115131,1355.6616
115132,1336.7949
115133,1342.5825
115134,1345.3485
115135,1387.7273
115136,1454.865
115137,1492.926
115138,1534.4313
115139,1554.0779
115140,1533.5925
115141,1533.4437
115142,1561.6519
115143,1583.4363
115144,1542.5756
115145,1557.0953
115146,1547.3092
115147,1669.1287
115148,1729.796
115149,1741.4474
115150,1724.9265
115151,1675.0157
115152,1601.6332
115153,1501.1843
115154,1445.8866
115155,1397.4111
115156,1376.8671
115157,1398.6019
115158,1416.0114
115159,1510.8984
115160,1724.2338
115161,1756.9127
115162,1776.1501
115163,1783.7837
115164,1751.1254
115165,1756.5328
115166,1768.7423
115167,1765.0048
115168,1738.0122
115169,1739.2798
115170,1738.9591
115171,1809.8372
115172,1867.4594
115173,1868.716
115174,1860.5978
115175,1813.6361
115176,1720.1725
115177,1556.7365
115178,1494.3363
115179,1429.6599
115180,1409.0015
115181,1417.0552
115182,1442.6251
115183,1544.2052
115184,1740.997
115185,1767.3999
115186,1783.9777
115187,1787.7882
115188,1769.3568
115189,1764.098
115190,1785.1069
115191,1767.3237
115192,1746.2144
115193,1747.189
115194,1751.107
115195,1827.1246
115196,1882.6664
115197,1874.9419
115198,1863.2682
115199,1815.9325
115200,1735.0261
115201,1499.5823
115202,1440.9899
115203,1374.9592
115204,1351.139
115205,1348.3301
115206,1374.0464
115207,1472.3177
115208,1680.6
115209,1702.7638
115210,1716.6085
115211,1724.7937
115212,1697.7465
115213,1699.5969
115214,1712.6893
115215,1689.3295
115216,1677.9064
115217,1674.9454
115218,1676.4486
115219,1756.337
115220,1815.3981
115221,1804.1932
115222,1794.4828
115223,1749.2517
115224,1659.5001
115225,1340.1449
115226,1278.5662
115227,1216.9735
115228,1194.4508
115229,1197.745
115230,1222.5889
115231,1313.5499
115232,1532.0521
115233,1546.7385
115234,1565.0497
115235,1571.7483
115236,1539.5867
115237,1551.0396
115238,1553.1815
115239,1536.7911
115240,1524.1115
115241,1518.5957
115242,1514.9993
115243,1598.7839
115244,1657.2473
115245,1651.4996
115246,1637.7919
115247,1592.4177
115248,1509.2386
115249,1471.9023
115250,1416.1171
115251,1325.095
115252,1317.2576
115253,1327.1045
115254,1344.5101
115255,1406.4807
115256,1614.4392
115257,1636.6869
115258,1655.4261
115259,1661.9172
115260,1638.7157
115261,1649.307
115262,1657.81
115263,1628.4562
115264,1611.8441
115265,1611.7083
115266,1607.3218
115267,1677.0846
115268,1725.3617
115269,1724.1488
115270,1711.8398
115271,1667.388
115272,1585.1179
115273,1505.3977
115274,1440.7068
115275,1363.4081
115276,1355.4408
115277,1355.3787
115278,1356.5415
115279,1407.8225
115280,1505.5272
115281,1527.9657
115282,1568.4922
115283,1603.1873
115284,1592.904
115285,1597.873
115286,1607.6104
115287,1589.7311
115288,1561.1516
115289,1562.9637
115290,1561.6665
115291,1648.648
115292,1695.8635
115293,1696.7815
115294,1686.7598
115295,1641.0809
115296,1548.4365
115297,1432.0325
115298,1354.0756
115299,1308.7473
115300,1305.2362
115301,1296.5015
115302,1293.346
115303,1336.4664
115304,1400.4003
115305,1430.9922
115306,1490.0701
115307,1505.2548
115308,1491.2432
115309,1497.8073
115310,1515.3169
115311,1534.0201
115312,1484.5123
115313,1509.1067
115314,1508.1305
115315,1618.2983
115316,1686.3328
115317,1690.4534
115318,1680.929
115319,1616.0165
115320,1554.4517
115321,1457.1227
115322,1379.7847
115323,1336.9297
115324,1325.9324
115325,1339.8876
115326,1351.5986
115327,1456.2128
115328,1642.1392
115329,1678.3362
115330,1711.5167
115331,1715.4294
115332,1698.8741
115333,1702.8116
115334,1710.8873
115335,1701.7883
115336,1658.634
115337,1686.8235
115338,1664.7334
115339,1741.2191
115340,1804.7039
115341,1817.1956
115342,1798.4552
115343,1743.3024
115344,1660.2814
115345,1530.2693
115346,1441.2261
115347,1387.2477
115348,1377.0217
115349,1377.725
115350,1404.1193
115351,1504.0654
115352,1701.7734
115353,1731.0679
115354,1750.6244
115355,1758.3978
115356,1729.8236
115357,1727.4725
115358,1748.1447
115359,1720.5433
115360,1690.3112
115361,1705.9736
115362,1691.0703
115363,1773.6228
115364,1821.1376
115365,1830.4204
115366,1808.7405
115367,1774.0728
115368,1685.2202
115369,1525.1647
115370,1440.6522
115371,1387.247
115372,1369.0228
115373,1370.0427
115374,1378.3284
115375,1481.1635
115376,1682.3044
115377,1704.9305
115378,1732.6521
115379,1739.0737
115380,1718.4327
115381,1723.3293
115382,1732.5128
115383,1710.3856
115384,1677.283
115385,1671.6993
115386,1671.1669
115387,1738.2877
115388,1801.3756
115389,1803.9021
115390,1792.6495
115391,1755.5892
115392,1677.3617
115393,1506.2463
115394,1416.1831
115395,1376.158
115396,1350.9436
115397,1349.1505
115398,1373.2758
115399,1480.1472
115400,1677.357
115401,1704.2251
115402,1736.2173
115403,1733.4677
115404,1703.1315
115405,1703.1837
115406,1710.8865
115407,1697.695
115408,1659.8793
115409,1675.6161
115410,1659.58
115411,1739.5793
115412,1792.229
115413,1815.2332
115414,1778.3572
115415,1741.503
115416,1668.6755
115417,1660.6969
115418,1547.54
115419,1516.5831
115420,1513.0505
115421,1498.4956
115422,1515.6152
115423,1565.8866
115424,1735.659
115425,1769.0991
115426,1767.8846
115427,1766.9973
115428,1756.9799
115429,1774.7162
115430,1798.9934
115431,1773.6674
115432,1731.3757
115433,1752.5974
115434,1737.3364
115435,1818.9487
115436,1862.2465
115437,1882.458
115438,1848.7136
115439,1813.5182
115440,1723.0728
115441,1674.7621
115442,1592.5005
115443,1548.6849
115444,1553.2075
115445,1528.3184
115446,1534.4318
115447,1575.037
115448,1630.7147
115449,1665.6078
115450,1691.0844
115451,1719.0775
115452,1682.5087
115453,1701.3425
115454,1723.6744
115455,1700.2124
115456,1647.9722
115457,1669.5468
115458,1668.6458
115459,1772.2101
115460,1837.5565
115461,1834.4105
115462,1812.2275
115463,1754.9255
115464,1691.5052
115465,1614.7567
115466,1620.4861
115467,1582.0493
115468,1575.9767
115469,1565.005
115470,1566.3689
115471,1613.6113
115472,1580.7257
115473,1697.1428
115474,1747.7899
115475,1745.4368
115476,1719.3458
115477,1708.2051
115478,1739.5887
115479,1758.229
115480,1731.7454
115481,1754.0513
115482,1750.4221
115483,1861.5189
115484,1918.5447
115485,1908.3354
115486,1907.8206
115487,1852.329
115488,1831.7113
115489,1686.7046
115490,1663.4038
115491,1634.7611
115492,1620.7028
115493,1628.9255
115494,1652.0474
115495,1749.891
115496,1851.3308
115497,1969.7039
115498,1990.1469
115499,1992.46
115500,1992.0391
115501,1968.0784
115502,1992.147
115503,1983.3662
115504,1970.5195
115505,1984.6295
115506,1976.4884
115507,2080.246
115508,2125.7917
115509,2105.9902
115510,2099.236
115511,2045.7357
115512,1964.8593
115513,1756.5499
115514,1730.8087
115515,1697.787
115516,1683.1187
115517,1684.789
115518,1708.7228
115519,1796.3654
115520,1915.1486
115521,2016.4602
115522,2041.4669
115523,2035.7517
115524,2029.2844
115525,2008.088
115526,2035.6676
115527,2009.5774
115528,2009.0049
115529,2013.1566
115530,2017.2439
115531,2103.6821
115532,2153.366
115533,2134.7126
115534,2130.614
115535,2086.902
115536,2014.6987
115537,1782.1584
115538,1758.0289
115539,1722.9933
115540,1703.5731
115541,1700.2682
115542,1716.8225
115543,1808.1581
115544,1911.5798
115545,2013.1946
115546,2041.3018
115547,2038.8
115548,2032.1079
115549,2018.6896
115550,2039.9956
115551,2014.6305
115552,2012.966
115553,2009.9673
115554,2020.4226
115555,2092.451
115556,2154.3647
115557,2136.6226
115558,2128.9993
115559,2099.3955
115560,2029.8866
115561,1737.3403
115562,1716.3511
115563,1688.3234
115564,1669.5691
115565,1666.0554
115566,1683.639
115567,1780.1564
115568,1883.7214
115569,1989.8633
115570,2012.6151
115571,2003.7494
115572,1994.8848
115573,1983.9266
115574,1997.7463
115575,1974.9713
115576,1978.2238
115577,1977.7891
115578,1972.2716
115579,2065.1213
115580,2108.101
115581,2092.9795
115582,2082.0686
115583,2044.487
115584,1972.7408
115585,1843.8494
115586,1823.8323
115587,1775.6111
115588,1770.9131
115589,1772.7388
115590,1783.9822
115591,1846.3635
115592,1954.3988
115593,2057.279
115594,2080.812
115595,2078.0232
115596,2068.5583
115597,2050.849
115598,2076.3787
115599,2053.043
115600,2050.6606
115601,2053.5842
115602,2041.7203
115603,2124.9783
115604,2169.0503
115605,2157.113
115606,2144.4143
115607,2111.2153
115608,2041.4303
115609,1793.2001
115610,1802.9252
115611,1759.0774
115612,1754.8643
115613,1742.4974
115614,1743.2358
115615,1783.6853
115616,1785.6392
115617,1892.5739
115618,1940.897
115619,1964.9126
115620,1929.3447
115621,1919.7529
115622,1944.7983
115623,1928.0521
115624,1905.8513
115625,1915.8035
115626,1914.4498
115627,2008.6467
115628,2062.8977
115629,2046.5936
115630,2031.9624
115631,1990.7386
115632,1953.1915
115633,1808.2231
115634,1818.9694
115635,1772.7742
115636,1744.5977
115637,1728.8083
115638,1752.5626
115639,1800.416
115640,1768.6145
115641,1889.0327
115642,1937.9866
115643,1938.706
115644,1912.1864
115645,1891.5424
115646,1920.8508
115647,1930.7346
115648,1907.8732
115649,1933.9353
115650,1935.5549
115651,2037.8713
115652,2098.7595
115653,2094.8796
115654,2087.7046
115655,2044.3699
115656,2011.0153
115657,1818.1327
115658,1798.1556
115659,1757.5897
115660,1742.8174
115661,1751.5542
115662,1777.224
115663,1881.874
115664,1985.4036
115665,2106.4792
115666,2137.4067
115667,2129.1423
115668,2121.2488
115669,2110.7349
115670,2123.182
115671,2098.6428
115672,2099.1174
115673,2103.618
115674,2105.1216
115675,2182.4712
115676,2241.8533
115677,2238.3745
115678,2221.6733
115679,2172.562
115680,2098.3064
115681,1852.9817
115682,1833.6904
115683,1786.2224
115684,1763.3893
115685,1767.7244
115686,1793.9703
115687,1878.0905
115688,2007.8413
115689,2114.294
115690,2136.2126
115691,2136.905
115692,2118.4675
115693,2099.298
115694,2123.8325
115695,2091.8496
115696,2097.327
115697,2090.0544
115698,2113.3674
115699,2171.2014
115700,2230.6445
115701,2213.3909
115702,2208.2842
115703,2173.435
115704,2101.217
115705,1836.9226
115706,1812.8221
115707,1771.4828
115708,1753.6061
115709,1747.6669
115710,1773.8522
115711,1863.287
115712,1975.1564
115713,2083.0347
115714,2107.2273
115715,2105.9944
115716,2097.0564
115717,2073.0608
115718,2095.8997
115719,2060.8733
115720,2062.0256
115721,2065.8228
115722,2073.7358
115723,2141.1072
115724,2199.7537
115725,2196.0364
115726,2181.9
115727,2152.4875
115728,2073.4927
115729,1828.107
115730,1809.5344
115731,1768.9113
115732,1751.0153
115733,1741.7684
115734,1767.1346
115735,1865.7722
115736,1978.8347
115737,2083.9885
115738,2114.8657
115739,2101.157
115740,2093.4646
115741,2072.985
115742,2093.1028
115743,2062.08
115744,2058.0413
115745,2061.6365
115746,2073.8086
115747,2155.0793
115748,2201.37
115749,2198.863
115750,2178.8005
115751,2142.9214
115752,2067.6846
115753,1816.1648
115754,1798.6965
115755,1737.152
115756,1729.4265
115757,1730.4398
115758,1746.4937
115759,1810.6223
115760,1936.2744
115761,2037.3586
115762,2067.913
115763,2055.62
115764,2040.65
115765,2016.5989
115766,2049.2144
115767,2018.843
115768,2015.5527
115769,2007.3325
115770,2021.9662
115771,2108.4453
115772,2150.372
115773,2145.0
115774,2121.4036
115775,2085.006
115776,2004.7639
115777,1780.1348
115778,1799.8047
115779,1745.4491
115780,1740.3698
115781,1728.5988
115782,1737.3584
115783,1787.4589
115784,1788.9801
115785,1893.9031
115786,1940.7906
115787,1960.0798
115788,1918.3645
115789,1910.668
115790,1931.1184
115791,1901.5402
115792,1887.7153
115793,1897.4498
115794,1904.8617
115795,1999.3224
115796,2038.802
115797,2045.0918
115798,2024.4094
115799,1985.8865
115800,1933.0413
115801,1653.0391
115802,1659.0625
115803,1619.4589
115804,1592.5427
115805,1588.8665
115806,1597.545
115807,1641.8059
115808,1601.6763
115809,1723.6207
115810,1780.8865
115811,1776.9955
115812,1764.0737
115813,1753.1593
115814,1775.8348
115815,1778.9454
115816,1751.6523
115817,1771.6415
115818,1772.9656
115819,1870.9464
115820,1931.8761
115821,1935.4979
115822,1933.2388
115823,1883.5835
115824,1863.7823
115825,1663.459
115826,1644.0164
115827,1613.4304
115828,1575.0944
115829,1595.6772
115830,1623.9489
115831,1722.6929
115832,1814.7045
115833,1931.7736
115834,1971.1355
115835,1957.9062
115836,1966.8387
115837,1959.7592
115838,1966.4956
115839,1941.1145
115840,1926.7874
115841,1943.235
115842,1932.1187
115843,2017.9111
115844,2077.3843
115845,2077.0974
115846,2061.4883
115847,2012.7917
115848,1949.1942
115849,1670.21
115850,1641.2607
115851,1609.0724
115852,1585.6919
115853,1604.5924
115854,1631.1643
115855,1712.8923
115856,1818.8898
115857,1933.9297
115858,1956.2253
115859,1957.4132
115860,1943.9624
115861,1926.4728
115862,1947.6643
115863,1916.3284
115864,1910.1964
115865,1912.1296
115866,1915.3123
115867,2003.3102
115868,2061.4502
115869,2061.8389
115870,2049.4011
115871,2000.9165
115872,1936.9166
115873,1751.2208
115874,1722.1469
115875,1693.3068
115876,1671.8773
115877,1685.5812
115878,1713.8374
115879,1788.3567
115880,1891.8328
115881,2004.278
115882,2029.0747
115883,2027.1554
115884,2005.8242
115885,1998.026
115886,2013.0209
115887,1975.1816
115888,1966.8224
115889,1964.7605
115890,1966.0358
115891,2057.7979
115892,2119.2112
115893,2129.5142
115894,2111.6526
115895,2071.776
115896,1999.7277
115897,1726.8016
115898,1694.4238
115899,1668.5137
115900,1643.0449
115901,1649.2668
115902,1677.3032
115903,1756.9644
115904,1859.3193
115905,1964.4688
115906,1999.4796
115907,1991.3531
115908,1986.4254
115909,1975.8534
115910,1988.3694
115911,1952.0421
115912,1943.038
115913,1953.7446
115914,1947.7162
115915,2033.4559
115916,2085.7637
115917,2091.1626
115918,2078.2092
115919,2029.9292
115920,1969.1112
115921,1672.425
115922,1649.9982
115923,1590.8046
115924,1563.4761
115925,1578.0016
115926,1607.8583
115927,1661.6382
115928,1762.7924
115929,1874.1472
115930,1904.9752
115931,1895.0431
115932,1889.3162
115933,1883.069
115934,1896.0533
115935,1853.8282
115936,1853.3861
115937,1848.7438
115938,1833.7905
115939,1926.3395
115940,1977.5205
115941,1983.8618
115942,1961.1288
115943,1921.414
115944,1853.611
115945,1634.0227
115946,1638.0956
115947,1591.7026
115948,1568.1475
115949,1555.9269
115950,1572.6731
115951,1608.861
115952,1604.4104
115953,1708.6188
115954,1764.7843
115955,1786.6621
115956,1765.799
115957,1763.2062
115958,1778.8318
115959,1752.853
115960,1724.2148
115961,1741.8243
115962,1738.1589
115963,1844.3015
115964,1905.0767
115965,1890.045
115966,1878.9305
115967,1829.755
115968,1793.9481
115969,1440.9744
115970,1437.027
115971,1385.8849
115972,1373.6494
115973,1357.348
115974,1366.0358
115975,1405.4155
115976,1359.7028
115977,1483.3539
115978,1500.0573
115979,1515.6409
115980,1499.0726
115981,1491.8905
115982,1521.7693
115983,1521.1027
115984,1474.6566
115985,1490.0039
115986,1483.8381
115987,1589.6874
115988,1646.9478
115989,1652.2145
115990,1665.7332
115991,1619.1028
115992,1589.8376
115993,1415.411
115994,1387.9365
115995,1360.4092
115996,1338.8953
115997,1347.8795
115998,1366.3766
115999,1456.6897
116000,1549.506
116001,1672.2776
116002,1660.9182
116003,1677.5848
116004,1675.1836
116005,1663.6926
116006,1679.3656
116007,1655.5144
116008,1625.2429
116009,1629.3916
116010,1619.5404
116011,1702.214
116012,1745.3231
116013,1758.0144
116014,1765.5853
116015,1718.2289
116016,1638.4037
116017,1537.0132
116018,1502.3074
116019,1470.0133
116020,1449.1842
116021,1449.7411
116022,1473.8302
116023,1555.9009
116024,1648.4238
116025,1762.559
116026,1750.6472
116027,1755.0682
116028,1757.571
116029,1745.9148
116030,1767.9702
116031,1736.7129
116032,1718.0404
116033,1712.3818
116034,1707.1996
116035,1804.9298
116036,1844.968
116037,1849.8013
116038,1851.574
116039,1805.2528
116040,1726.0586
116041,1568.9801
116042,1539.3555
116043,1503.0013
116044,1480.8239
116045,1480.2217
116046,1500.2266
116047,1586.568
116048,1673.5016
116049,1790.864
116050,1776.792
116051,1786.1066
116052,1779.1172
116053,1775.856
116054,1790.5061
116055,1754.6709
116056,1732.0533
116057,1729.9377
116058,1720.8563
116059,1806.565
116060,1855.5673
116061,1867.5326
116062,1870.6868
116063,1829.2455
116064,1750.6824
116065,1580.5822
116066,1547.7719
116067,1522.3688
116068,1504.6746
116069,1495.2472
116070,1522.5911
116071,1606.8778
116072,1708.706
116073,1815.9686
116074,1807.4877
116075,1809.39
116076,1795.2363
116077,1798.2064
116078,1809.9489
116079,1770.0017
116080,1749.8551
116081,1759.6658
116082,1742.7689
116083,1827.6409
116084,1868.3938
116085,1877.2563
116086,1868.7677
116087,1839.4625
116088,1765.1719
116089,1566.9941
116090,1527.9109
116091,1487.4774
116092,1474.0956
116093,1480.888
116094,1499.3682
116095,1548.5446
116096,1648.0248
116097,1755.5642
116098,1753.6096
116099,1754.9335
116100,1744.4257
116101,1735.4303
116102,1757.1554
116103,1717.7222
116104,1687.9982
116105,1690.9369
116106,1671.3676
116107,1751.1841
116108,1799.0109
116109,1809.0568
116110,1810.6373
116111,1767.7773
116112,1697.4073
116113,1624.6975
116114,1616.395
116115,1575.356
116116,1566.092
116117,1554.502
116118,1562.7515
116119,1594.4403
116120,1579.6808
116121,1689.6497
116122,1710.3894
116123,1738.9282
116124,1710.7919
116125,1701.6992
116126,1727.0105
116127,1699.1301
116128,1652.4739
116129,1663.3796
116130,1653.7416
116131,1749.9542
116132,1800.2899
116133,1803.741
116134,1802.1014
116135,1758.7386
116136,1721.1638
116137,1564.6838
116138,1575.0006
116139,1530.5867
116140,1514.9464
116141,1483.5465
116142,1491.4851
116143,1527.0405
116144,1486.4806
116145,1603.2009
116146,1621.2671
116147,1661.3472
116148,1651.1069
116149,1663.232
116150,1706.3988
116151,1672.339
116152,1639.448
116153,1663.0544
116154,1667.7507
116155,1785.8394
116156,1837.0736
116157,1820.7369
116158,1798.5302
116159,1755.3573
116160,1734.4839
116161,1569.1581
116162,1550.0938
116163,1540.8173
116164,1522.058
116165,1512.6536
116166,1531.7883
116167,1644.6914
116168,1722.8722
116169,1852.2399
116170,1820.24
116171,1797.3899
116172,1812.2441
116173,1828.848
116174,1842.9882
116175,1836.8203
116176,1823.1155
116177,1817.2412
116178,1825.0223
116179,1902.4452
116180,1943.9868
116181,1940.7471
116182,1926.8623
116183,1882.6753
116184,1788.108
116185,1866.7478
116186,1836.4237
116187,1818.2369
116188,1810.8335
116189,1797.4178
116190,1824.9551
116191,1924.0609
116192,2016.9308
116193,2137.6375
116194,2100.7817
116195,2082.1772
116196,2078.7856
116197,2087.226
116198,2103.6487
116199,2087.797
116200,2079.192
116201,2071.8052
116202,2072.5547
116203,2166.4116
116204,2207.9885
116205,2191.1704
116206,2186.5137
116207,2151.9978
116208,2053.1804
116209,1933.6013
116210,1902.8535
116211,1885.9244
116212,1881.934
116213,1865.0789
116214,1885.7833
116215,1993.2704
116216,2079.1716
116217,2198.1616
116218,2158.1611
116219,2143.5884
116220,2137.841
116221,2151.7766
116222,2173.9424
116223,2141.5393
116224,2126.311
116225,2123.6472
116226,2131.9827
116227,2220.247
116228,2255.3105
116229,2250.1438
116230,2236.2485
116231,2194.839
116232,2110.345
116233,1872.5698
116234,1842.8771
116235,1834.3846
116236,1823.0178
116237,1808.7256
116238,1834.7893
116239,1934.384
116240,2028.1539
116241,2150.5364
116242,2114.6409
116243,2092.1792
116244,2083.8115
116245,2096.6765
116246,2120.2515
116247,2092.291
116248,2078.562
116249,2081.4197
116250,2079.9236
116251,2177.075
116252,2201.9036
116253,2196.918
116254,2179.0093
116255,2139.3533
116256,2047.226
116257,1812.6881
116258,1791.0695
116259,1759.863
116260,1753.339
116261,1742.2643
116262,1761.115
116263,1841.436
116264,1930.6251
116265,2045.7289
116266,2007.4839
116267,1985.855
116268,1988.2521
116269,2011.015
116270,2028.0312
116271,2003.7245
116272,1992.9567
116273,1976.5731
116274,1979.5176
116275,2047.4268
116276,2081.569
116277,2082.1719
116278,2063.522
116279,2018.8854
116280,1933.7745
116281,1744.9293
116282,1749.8014
116283,1717.2959
116284,1711.1208
116285,1691.633
116286,1701.47
116287,1738.6813
116288,1699.1288
116289,1821.2269
116290,1809.4604
116291,1818.1586
116292,1808.221
116293,1828.1766
116294,1855.358
116295,1834.389
116296,1802.6146
116297,1800.6492
116298,1803.9642
116299,1888.2018
116300,1954.5588
116301,1929.7849
116302,1928.7684
116303,1887.4297
116304,1854.9391
116305,1844.4043
116306,1802.6517
116307,1800.7072
116308,1760.1649
116309,1754.2823
116310,1759.2181
116311,1789.9622
116312,1814.6876
116313,1924.9446
116314,1940.2739
116315,1941.4097
116316,1931.7437
116317,1959.0975
116318,1987.3835
116319,1981.3807
116320,1974.8885
116321,1982.5922
116322,1967.3413
116323,2068.1484
116324,2114.6682
116325,2097.4902
116326,2096.9146
116327,2051.0593
116328,2022.7214
116329,1908.1675
116330,1842.0894
116331,1841.7605
116332,1812.1344
116333,1808.2148
116334,1823.5581
116335,1896.8472
116336,2075.3586
116337,2151.757
116338,2148.6353
116339,2140.824
116340,2155.747
116341,2186.7717
116342,2198.5828
116343,2173.727
116344,2182.1252
116345,2173.3472
116346,2169.453
116347,2246.5286
116348,2292.4316
116349,2267.5588
116350,2252.8848
116351,2205.51
116352,2137.2676
116353,1934.4481
116354,1879.4996
116355,1887.6389
116356,1860.4498
116357,1856.86
116358,1876.7742
116359,1939.0559
116360,2111.636
116361,2198.2063
116362,2187.265
116363,2174.3987
116364,2162.437
116365,2192.041
116366,2207.13
116367,2182.7188
116368,2187.9395
116369,2182.0125
116370,2178.532
116371,2251.3176
116372,2302.4392
116373,2279.8638
116374,2270.478
116375,2223.3777
116376,2151.4832
116377,1950.6637
116378,1898.7179
116379,1897.4141
116380,1872.1825
116381,1870.2327
116382,1889.3899
116383,1958.4062
116384,2117.7263
116385,2207.009
116386,2208.1516
116387,2186.803
116388,2176.6128
116389,2199.5476
116390,2216.023
116391,2180.31
116392,2184.3713
116393,2180.4102
116394,2182.197
116395,2253.2659
116396,2309.3447
116397,2277.676
116398,2277.8535
116399,2236.4136
116400,2160.843
116401,1966.1913
116402,1906.9067
116403,1911.4276
116404,1889.3632
116405,1890.4009
116406,1911.2039
116407,1977.9441
116408,2135.8325
116409,2224.5452
116410,2225.4185
116411,2208.1355
116412,2191.4421
116413,2222.9197
116414,2239.03
116415,2198.9473
116416,2208.346
116417,2196.6804
116418,2187.8591
116419,2265.6355
116420,2306.958
116421,2292.4385
116422,2288.1484
116423,2246.811
116424,2176.3333
116425,1960.6727
116426,1905.8927
116427,1888.7264
116428,1860.026
116429,1866.9349
116430,1878.965
116431,1922.2621
116432,2085.7935
116433,2173.3794
116434,2163.2834
116435,2155.909
116436,2151.534
116437,2179.9893
116438,2199.7239
116439,2149.4932
116440,2164.7026
116441,2150.0747
116442,2141.0671
116443,2204.6306
116444,2243.6875
116445,2226.172
116446,2226.1396
116447,2182.4966
116448,2110.9985
116449,1859.1476
116450,1847.1602
116451,1833.4
116452,1813.2994
116453,1808.4846
116454,1798.9606
116455,1832.1776
116456,1865.0137
116457,1955.1143
116458,1972.8247
116459,1986.5905
116460,1974.7723
116461,2010.0737
116462,2028.5541
116463,1991.6562
116464,1987.4142
116465,1988.5123
116466,1970.6643
116467,2057.9233
116468,2097.6467
116469,2083.4775
116470,2079.4778
116471,2035.0051
116472,1984.219
116473,1767.4774
116474,1720.5486
116475,1728.9271
116476,1711.7886
116477,1710.1115
116478,1710.0238
116479,1752.8334
116480,1785.24
116481,1897.0865
116482,1913.6725
116483,1910.588
116484,1891.6633
116485,1877.6278
116486,1892.7866
116487,1906.1586
116488,1877.013
116489,1887.7202
116490,1893.4484
116491,1983.4347
116492,2038.9126
116493,2050.414
116494,2046.2267
116495,1994.4669
116496,1976.3723
116497,1801.0574
116498,1721.7042
116499,1728.1926
116500,1703.7837
116501,1716.6093
116502,1742.8188
116503,1825.8955
116504,2007.5944
116505,2090.311
116506,2093.1543
116507,2071.1992
116508,2077.127
116509,2065.5706
116510,2065.8752
116511,2067.02
116512,2041.3501
116513,2044.2917
116514,2051.6965
116515,2122.0032
116516,2183.101
116517,2181.3386
116518,2175.0757
116519,2123.3372
116520,2043.1487
116521,1844.6676
116522,1780.75
116523,1782.8591
116524,1766.5215
116525,1767.5773
116526,1804.8109
116527,1886.5957
116528,2043.4225
116529,2138.576
116530,2130.6885
116531,2116.0437
116532,2107.7666
116533,2099.8777
116534,2092.0103
116535,2087.0093
116536,2065.8665
116537,2070.432
116538,2079.0222
116539,2145.6748
116540,2205.7236
116541,2211.741
116542,2205.6367
116543,2153.4368
116544,2080.4343
116545,1963.3889
116546,1896.433
116547,1899.9546
116548,1874.3309
116549,1867.394
116550,1900.6825
116551,1991.7906
116552,2150.0796
116553,2244.8618
116554,2234.761
116555,2222.183
116556,2216.534
116557,2201.6353
116558,2203.4214
116559,2187.6064
116560,2172.965
116561,2169.8535
116562,2174.917
116563,2233.6985
116564,2286.9648
116565,2300.0828
116566,2294.3547
116567,2252.1306
116568,2170.9397
116569,1875.0178
116570,1809.9038
116571,1815.1997
116572,1790.4908
116573,1790.6422
116574,1819.202
116575,1912.6371
116576,2066.1438
116577,2155.2175
116578,2158.4006
116579,2141.3916
116580,2131.4944
116581,2122.4424
116582,2123.6033
116583,2111.5596
116584,2086.8464
116585,2097.2898
116586,2088.9597
116587,2158.9233
116588,2209.7246
116589,2223.0305
116590,2211.3433
116591,2163.1497
116592,2096.8093
116593,1894.4841
116594,1833.8577
116595,1819.1895
116596,1802.8091
116597,1816.1438
116598,1838.1027
116599,1891.0502
116600,2045.037
116601,2142.3008
116602,2139.5781
116603,2128.9329
116604,2119.8665
116605,2109.9458
116606,2115.6584
116607,2103.826
116608,2078.5344
116609,2069.7354
116610,2072.631
116611,2139.6519
116612,2190.8518
116613,2202.6545
116614,2185.3237
116615,2142.2551
116616,2074.6323
116617,1857.365
116618,1825.7466
116619,1830.537
116620,1828.028
116621,1830.541
116622,1831.9009
116623,1856.272
116624,1900.6322
116625,2001.802
116626,2023.1145
116627,2033.6968
116628,2006.8945
116629,1997.6599
116630,2002.148
116631,1997.0405
116632,1961.0972
116633,1949.3528
116634,1957.2621
116635,2039.3583
116636,2095.8184
116637,2108.7156
116638,2096.4504
116639,2049.9841
116640,2013.2751
116641,1674.019
116642,1616.6946
116643,1608.0125
116644,1589.784
116645,1593.3846
116646,1596.7655
116647,1647.6567
116648,1645.2242
116649,1763.6486
116650,1802.145
116651,1800.015
116652,1786.2332
116653,1773.905
116654,1789.3843
116655,1805.8514
116656,1773.5322
116657,1785.4064
116658,1777.058
116659,1875.4004
116660,1933.2192
116661,1926.5006
116662,1927.2932
116663,1884.6934
116664,1873.5798
116665,1701.8718
116666,1617.288
116667,1587.1986
116668,1585.7567
116669,1583.6257
116670,1606.2347
116671,1714.7708
116672,1864.1049
116673,1962.1477
116674,1975.1981
116675,1956.944
116676,1964.1356
116677,1952.5525
116678,1957.4154
116679,1946.9768
116680,1931.2086
116681,1916.4072
116682,1926.6401
116683,2007.0801
116684,2066.5752
116685,2054.4426
116686,2050.355
116687,1990.4904
116688,1920.1257
116689,1666.656
116690,1594.9961
116691,1568.3192
116692,1560.8359
116693,1552.8905
116694,1585.6906
116695,1686.381
116696,1821.901
116697,1920.3198
116698,1918.3661
116699,1914.7646
116700,1913.1052
116701,1903.1984
116702,1907.5107
116703,1900.7168
116704,1883.5161
116705,1872.1952
116706,1889.0831
116707,1971.6326
116708,2030.764
116709,1998.0717
116710,2007.1871
116711,1954.8992
116712,1877.0988
116713,1747.5879
116714,1675.9316
116715,1640.9425
116716,1631.9149
116717,1629.4376
116718,1652.6743
116719,1760.3845
116720,1888.1553
116721,1993.1249
116722,1997.9924
116723,1990.3152
116724,1998.8767
116725,1987.3093
116726,1986.845
116727,1961.5427
116728,1953.4901
116729,1944.7034
116730,1945.0327
116731,2013.5914
116732,2072.3662
116733,2049.5452
116734,2062.8855
116735,2030.4723
116736,1949.2335
116737,1772.2024
116738,1702.4259
116739,1676.3933
116740,1673.4674
116741,1661.1292
116742,1689.3376
116743,1794.421
116744,1930.6774
116745,2026.0577
116746,2037.8778
116747,2031.2778
116748,2021.9716
116749,2015.6566
116750,2013.4814
116751,1989.585
116752,1978.3613
116753,1968.746
116754,1973.4524
116755,2039.5944
116756,2094.7908
116757,2077.7053
116758,2090.5544
116759,2046.2417
116760,1976.6807
116761,1768.3243
116762,1706.6812
116763,1659.0336
116764,1669.788
116765,1668.69
116766,1678.6176
116767,1752.4873
116768,1878.9856
116769,1972.9342
116770,1987.6876
116771,1978.7909
116772,1981.4346
116773,1973.5636
116774,1983.8026
116775,1957.3784
116776,1944.056
116777,1920.4862
116778,1924.2244
116779,1989.351
116780,2048.6294
116781,2025.6488
116782,2024.6174
116783,1967.0222
116784,1918.4846
116785,1582.7478
116786,1552.1307
116787,1533.048
116788,1540.5159
116789,1537.0476
116790,1533.4514
116791,1585.6218
116792,1585.8745
116793,1691.4502
116794,1724.9688
116795,1737.3894
116796,1716.9392
116797,1719.1353
116798,1723.2144
116799,1699.0046
116800,1678.5693
116801,1672.4689
116802,1665.1296
116803,1736.2411
116804,1795.4419
116805,1792.8779
116806,1802.9064
116807,1752.9025
116808,1728.4194
116809,1678.9656
116810,1637.7568
116811,1636.4567
116812,1614.5305
116813,1608.0703
116814,1625.0753
116815,1667.5051
116816,1694.5327
116817,1816.8274
116818,1839.796
116819,1818.4993
116820,1793.5308
116821,1786.1979
116822,1796.9261
116823,1806.9348
116824,1780.3201
116825,1787.8633
116826,1781.1257
116827,1865.6936
116828,1935.2076
116829,1949.5101
116830,1944.938
116831,1893.2858
116832,1875.467
116833,1761.1323
116834,1692.7224
116835,1681.0065
116836,1663.8085
116837,1669.9402
116838,1679.4274
116839,1793.7461
116840,1958.903
116841,2054.2278
116842,2054.488
116843,2022.4204
116844,2031.8666
116845,2015.6562
116846,2024.1924
116847,2008.9647
116848,1994.2089
116849,1990.3969
116850,1984.3787
116851,2053.704
116852,2121.4343
116853,2126.3076
116854,2121.8948
116855,2056.3345
116856,1992.0664
116857,1829.5012
116858,1773.1249
116859,1759.4757
116860,1741.7594
116861,1742.0845
116862,1765.7623
116863,1873.1204
116864,2023.5128
116865,2125.328
116866,2123.453
116867,2090.1711
116868,2079.9873
116869,2066.9595
116870,2069.4475
116871,2058.3271
116872,2044.8522
116873,2050.3147
116874,2040.0702
116875,2111.7825
116876,2171.0525
116877,2182.4475
116878,2170.9612
116879,2119.938
116880,2048.1033
116881,1964.8267
116882,1905.1438
116883,1894.5457
116884,1862.0646
116885,1876.711
116886,1894.3282
116887,2000.0254
116888,2145.834
116889,2237.195
116890,2246.009
116891,2221.0554
116892,2214.9336
116893,2207.0142
116894,2210.9065
116895,2183.1692
116896,2172.2227
116897,2160.862
116898,2160.5876
116899,2220.139
116900,2278.4067
116901,2297.402
116902,2297.617
116903,2256.6606
116904,2177.1597
116905,1929.7408
116906,1877.5775
116907,1867.713
116908,1833.6154
116909,1851.7104
116910,1870.5387
116911,1970.6436
116912,2123.64
116913,2218.0662
116914,2222.617
116915,2189.7878
116916,2191.4011
116917,2170.7988
116918,2185.5164
116919,2157.9307
116920,2145.5393
116921,2120.986
116922,2115.7341
116923,2188.0454
116924,2242.0227
116925,2261.5557
116926,2266.394
116927,2215.973
116928,2141.1543
116929,1912.364
116930,1860.0896
116931,1826.7095
116932,1814.1035
116933,1833.042
116934,1846.8854
116935,1918.9585
116936,2074.1084
116937,2165.2825
116938,2173.4453
116939,2128.5562
116940,2121.1724
116941,2114.4717
116942,2126.5784
116943,2088.2566
116944,2078.2925
116945,2065.0178
116946,2052.921
116947,2113.0974
116948,2170.5974
116949,2203.1853
116950,2186.3545
116951,2127.6458
116952,2064.21
116953,1906.6467
116954,1885.0753
116955,1877.3477
116956,1855.7385
116957,1854.6068
116958,1860.131
116959,1904.116
116960,1945.6182
116961,2053.7761
116962,2078.8008
116963,2071.2314
116964,2058.6802
116965,2037.8466
116966,2057.3254
116967,2034.5807
116968,2004.4614
116969,1994.6971
116970,1995.9895
116971,2060.9788
116972,2126.9658
116973,2141.692
116974,2141.6584
116975,2069.5374
116976,2054.83
116977,1786.0857
116978,1752.1404
116979,1742.217
116980,1733.9584
116981,1723.6322
116982,1737.1194
116983,1781.4745
116984,1816.2985
116985,1912.5013
116986,1947.1029
116987,1933.0321
116988,1902.2369
116989,1886.864
116990,1893.7322
116991,1916.8344
116992,1885.1147
116993,1890.7007
116994,1891.84
116995,1967.0352
116996,2043.8265
116997,2055.3032
116998,2052.1787
116999,1995.2552
117000,1987.8297
117001,1883.399
117002,1820.8203
117003,1802.3799
117004,1799.5339
117005,1815.1473
117006,1827.4657
117007,1927.3013
117008,2104.643
117009,2175.668
117010,2181.9216
117011,2171.0112
117012,2155.153
117013,2141.3062
117014,2143.1228
117015,2126.3025
117016,2103.154
117017,2091.2148
117018,2100.7068
117019,2153.0022
117020,2219.8933
117021,2237.8467
117022,2220.1958
117023,2179.2651
117024,2113.9175
117025,1917.4233
117026,1859.6356
117027,1832.2603
117028,1828.8021
117029,1838.279
117030,1858.3048
117031,1961.6433
117032,2115.715
117033,2203.5461
117034,2199.7783
117035,2179.1978
117036,2165.4275
117037,2144.3394
117038,2143.112
117039,2126.6248
117040,2109.4736
117041,2103.1133
117042,2101.5579
117043,2158.278
117044,2217.5361
117045,2232.295
117046,2221.1265
117047,2179.7104
117048,2109.2725
117049,1813.3328
117050,1758.8109
117051,1734.7128
117052,1729.481
117053,1728.8641
117054,1743.697
117055,1845.9467
117056,2002.5638
117057,2084.605
117058,2082.1914
117059,2064.6821
117060,2050.491
117061,2037.6006
117062,2029.8826
117063,2000.5988
117064,1987.1243
117065,1978.1663
117066,1986.5414
117067,2041.7245
117068,2102.4292
117069,2125.2336
117070,2115.3652
117071,2066.3926
117072,1999.8033
117073,1882.5447
117074,1820.9377
117075,1803.2853
117076,1797.1288
117077,1797.0012
117078,1808.0782
117079,1915.8358
117080,2068.7957
117081,2151.4568
117082,2157.6453
117083,2129.5864
117084,2118.2915
117085,2105.3176
117086,2101.8013
117087,2072.1636
117088,2057.497
117089,2048.5886
117090,2045.9634
117091,2112.4111
117092,2160.6836
117093,2191.4277
117094,2176.5671
117095,2122.1028
117096,2060.764
117097,1883.2856
117098,1829.5143
117099,1785.1101
117100,1794.1302
117101,1807.5066
117102,1814.5281
117103,1895.6135
117104,2047.956
117105,2121.1248
117106,2136.1257
117107,2102.808
117108,2086.952
117109,2070.3674
117110,2070.302
117111,2045.7971
117112,2023.7688
117113,2012.615
117114,2013.0459
117115,2076.9956
117116,2150.3281
117117,2169.4734
117118,2150.865
117119,2086.699
117120,2028.6042
117121,1832.0532
117122,1809.3016
117123,1792.8748
117124,1795.4568
117125,1791.4221
117126,1797.262
117127,1839.9712
117128,1873.0371
117129,1965.7731
117130,1997.1628
117131,2000.0803
117132,1968.5878
117133,1959.5105
117134,1959.2001
117135,1943.4984
117136,1915.5693
117137,1903.556
117138,1905.362
117139,1968.4015
117140,2047.5027
117141,2066.1436
117142,2054.498
117143,1990.2611
117144,1977.5093
117145,1827.7349
117146,1777.0415
117147,1778.4508
117148,1778.9796
117149,1771.8376
117150,1774.774
117151,1805.3007
117152,1838.3102
117153,1939.8033
117154,1969.8826
117155,1963.3578
117156,1934.8248
117157,1924.898
117158,1952.2081
117159,1947.6938
117160,1922.8384
117161,1924.0773
117162,1924.4717
117163,1973.7401
117164,2048.4514
117165,2054.8916
117166,2062.3591
117167,2027.551
117168,2018.9712
117169,1862.4977
117170,1783.4423
117171,1782.4851
117172,1775.1742
117173,1789.19
117174,1807.3167
117175,1906.819
117176,2064.6655
117177,2147.0308
117178,2157.7349
117179,2133.108
117180,2137.9294
117181,2118.2092
117182,2134.9353
117183,2100.7144
117184,2087.238
117185,2093.0112
117186,2082.3594
117187,2112.791
117188,2193.4106
117189,2190.8806
117190,2197.322
117191,2158.9675
117192,2092.654
117193,1828.8813
117194,1768.6296
117195,1755.0295
117196,1757.4453
117197,1755.0607
117198,1780.9015
117199,1875.567
117200,2019.8995
117201,2104.4434
117202,2113.471
117203,2082.978
117204,2082.1167
117205,2062.1084
117206,2072.8594
117207,2037.1671
117208,2025.4241
117209,2026.1586
117210,2030.472
117211,2070.2595
117212,2153.4094
117213,2132.9863
117214,2141.643
117215,2106.822
117216,2040.5688
117217,1826.4855
117218,1756.0306
117219,1746.7153
117220,1737.3795
117221,1738.6625
117222,1760.774
117223,1856.7324
117224,2002.1543
117225,2087.5178
117226,2102.034
117227,2063.1943
117228,2057.2798
117229,2038.504
117230,2053.4053
117231,2012.7197
117232,2003.4971
117233,1999.6224
117234,2003.7352
117235,2040.1792
117236,2120.6064
117237,2118.5266
117238,2124.129
117239,2096.186
117240,2019.0288
117241,1832.53
117242,1776.141
117243,1770.8997
117244,1768.7356
117245,1765.156
117246,1794.924
117247,1886.8734
117248,2033.9938
117249,2122.1177
117250,2131.3945
117251,2093.0645
117252,2070.7534
117253,2073.1577
117254,2070.5566
117255,2034.1455
117256,2030.9647
117257,2030.1942
117258,2024.2963
117259,2056.7964
117260,2126.169
117261,2141.3054
117262,2138.9165
117263,2110.872
117264,2038.7686
117265,1887.7767
117266,1826.5532
117267,1797.718
117268,1803.1981
117269,1807.7834
117270,1828.3157
117271,1887.2723
117272,2034.6289
117273,2128.4304
117274,2137.6147
117275,2107.6526
117276,2089.871
117277,2083.5264
117278,2092.1948
117279,2053.6194
117280,2043.7817
117281,2043.0548
117282,2026.2308
117283,2055.22
117284,2129.908
117285,2141.1833
117286,2137.3494
117287,2099.3494
117288,2039.502
117289,1841.7568
117290,1802.7244
117291,1788.8743
117292,1798.0054
117293,1789.4602
117294,1793.573
117295,1838.3252
117296,1856.8843
117297,1964.0659
117298,1994.7361
117299,1999.1802
117300,1970.3003
117301,1957.7577
117302,1969.889
117303,1937.4641
117304,1914.7311
117305,1918.8995
117306,1903.0177
117307,1951.8608
117308,2028.2267
117309,2031.9172
117310,2034.666
117311,1989.7108
117312,1967.0356
117313,1733.1088
117314,1695.0654
117315,1684.37
117316,1674.4718
117317,1674.0245
117318,1687.7986
117319,1741.7856
117320,1759.5624
117321,1867.248
117322,1889.6927
117323,1881.562
117324,1850.5323
117325,1834.1805
117326,1854.568
117327,1868.9202
117328,1840.0027
117329,1827.5226
117330,1822.6626
117331,1896.5315
117332,1967.7198
117333,1965.8148
117334,1992.8575
117335,1956.9082
117336,1945.4761
117337,1827.0775
117338,1754.6667
117339,1755.838
117340,1742.9515
117341,1754.7727
117342,1797.9131
117343,1892.5577
117344,2048.3555
117345,2124.039
117346,2127.207
117347,2102.7532
117348,2104.2207
117349,2090.7712
117350,2091.065
117351,2073.711
117352,2054.1753
117353,2039.3921
117354,2035.7736
117355,2100.8037
117356,2155.6404
117357,2167.5593
117358,2184.4956
117359,2147.0186
117360,2067.8655
117361,1829.3406
117362,1770.2755
117363,1752.4756
117364,1741.8969
117365,1749.6106
117366,1786.1865
117367,1891.2611
117368,2009.6555
117369,2099.729
117370,2092.991
117371,2070.4634
117372,2080.5771
117373,2062.5989
117374,2070.3384
117375,2046.7542
117376,2033.2848
117377,2018.2725
117378,2016.1316
117379,2079.517
117380,2129.8728
117381,2126.9692
117382,2160.0107
117383,2113.9185
117384,2049.023
117385,1784.0172
117386,1730.2771
117387,1705.3816
117388,1692.8584
117389,1692.7247
117390,1726.6144
117391,1828.7667
117392,1964.3428
117393,2045.4799
117394,2043.9519
117395,2015.4751
117396,2014.0275
117397,2003.3683
117398,2000.6968
117399,1971.847
117400,1966.495
117401,1948.6112
117402,1942.106
117403,1999.8208
117404,2060.6958
117405,2058.6973
117406,2078.457
117407,2050.0227
117408,1977.4497
117409,1731.118
117410,1677.4115
117411,1670.5144
117412,1650.1171
117413,1646.9865
117414,1688.2451
117415,1787.8472
117416,1922.887
117417,2001.5199
117418,1997.3684
117419,1980.9852
117420,1976.3735
117421,1970.923
117422,1965.4956
117423,1941.2942
117424,1932.9729
117425,1910.2395
117426,1905.9388
117427,1968.7424
117428,2018.2129
117429,2025.2244
117430,2040.6072
117431,2014.1292
117432,1942.8464
117433,1750.0396
117434,1699.7599
117435,1664.9225
117436,1660.658
117437,1671.5586
117438,1701.782
117439,1759.5491
117440,1897.5859
117441,1980.3901
117442,1976.3446
117443,1961.0618
117444,1954.9984
117445,1954.0449
117446,1952.6466
117447,1924.1989
117448,1915.1014
117449,1897.1298
117450,1883.2179
117451,1943.5778
117452,1987.9987
117453,2000.1841
117454,2018.7832
117455,1981.3656
117456,1910.1453
117457,1742.5586
117458,1722.91
117459,1703.7805
117460,1695.7827
117461,1689.8613
117462,1708.746
117463,1755.2546
117464,1782.2106
117465,1875.6985
117466,1893.6305
117467,1903.6323
117468,1877.4236
117469,1860.1781
117470,1868.9443
117471,1847.1252
117472,1827.928
117473,1804.1277
117474,1801.0645
117475,1876.0515
117476,1935.9077
117477,1922.3713
117478,1955.5886
117479,1913.0688
117480,1874.9912
117481,1659.7615
117482,1619.3298
117483,1616.7623
117484,1602.5531
117485,1609.6085
117486,1599.3502
117487,1657.1898
117488,1678.8594
117489,1771.806
117490,1789.4503
117491,1772.7306
117492,1749.618
117493,1748.9385
117494,1766.6658
117495,1775.5541
117496,1756.7518
117497,1751.4703
117498,1741.3422
117499,1820.0243
117500,1883.8857
117501,1900.5477
117502,1909.0654
117503,1850.2576
117504,1843.2451
117505,1716.9312
117506,1645.5497
117507,1652.0886
117508,1631.2266
117509,1660.2311
117510,1668.9374
117511,1774.985
117512,1933.2987
117513,2001.049
117514,1999.9952
117515,1972.4902
117516,1969.7208
117517,1970.7113
117518,1969.2362
117519,1947.1105
117520,1937.7455
117521,1928.5059
117522,1912.9298
117523,1966.7645
117524,2046.8076
117525,2053.4773
117526,2058.7012
117527,2002.9883
117528,1946.9576
117529,1734.2992
117530,1668.6378
117531,1664.0907
117532,1650.0573
117533,1668.2242
117534,1685.5872
117535,1788.6676
117536,1938.3298
117537,2014.8441
117538,2009.3491
117539,1980.1885
117540,1960.9514
117541,1958.435
117542,1968.0367
117543,1936.9504
117544,1934.1699
117545,1928.605
117546,1911.4357
117547,1981.9764
117548,2048.9238
117549,2056.6833
117550,2061.7136
117551,2011.2933
117552,1941.105
117553,1739.9868
117554,1673.089
117555,1676.3557
117556,1657.176
117557,1665.0613
117558,1678.4697
117559,1782.8273
117560,1920.7177
117561,1997.612
117562,1990.1974
117563,1963.3997
117564,1960.325
117565,1953.0824
117566,1960.2352
117567,1929.1304
117568,1924.7697
117569,1903.8053
117570,1894.2124
117571,1959.3583
117572,2037.9136
117573,2037.1444
117574,2048.3574
117575,1990.7913
117576,1932.0382
117577,1720.3221
117578,1653.6407
117579,1660.6875
117580,1638.0679
117581,1650.7169
117582,1668.4297
117583,1769.1718
117584,1915.7311
117585,1993.928
117586,1993.7094
117587,1963.8452
117588,1944.7318
117589,1939.1531
117590,1938.6625
117591,1915.1042
117592,1906.0515
117593,1902.0043
117594,1888.8512
117595,1956.3441
117596,2021.0632
117597,2032.0906
117598,2037.0017
117599,1981.4814
117600,1923.6592
117601,1651.217
117602,1601.0095
117603,1587.3899
117604,1571.2812
117605,1586.7682
117606,1595.4474
117607,1661.6211
117608,1816.0332
117609,1893.1266
117610,1887.5933
117611,1862.6294
117612,1846.0349
117613,1847.1272
117614,1853.1569
117615,1823.6316
117616,1821.4094
117617,1798.107
117618,1784.5905
117619,1848.6613
117620,1914.0908
117621,1916.378
117622,1921.467
117623,1871.2849
117624,1811.8556
117625,1621.803
117626,1587.8479
117627,1557.4712
117628,1547.4822
117629,1561.6968
117630,1551.1136
117631,1609.3138
117632,1660.1761
117633,1744.0385
117634,1804.8112
117635,1816.9587
117636,1802.7028
117637,1802.0673
117638,1810.074
117639,1787.8721
117640,1771.1187
117641,1754.8488
117642,1740.784
117643,1796.4124
117644,1842.3065
117645,1866.1791
117646,1887.6779
117647,1856.8113
117648,1790.4144
117649,1684.432
117650,1642.0502
117651,1608.0869
117652,1618.3954
117653,1611.3234
117654,1606.5812
117655,1673.2031
117656,1697.5411
117657,1791.316
117658,1849.7668
117659,1840.791
117660,1830.3042
117661,1823.8783
117662,1835.4254
117663,1855.2711
117664,1809.3763
117665,1820.3682
117666,1812.3837
117667,1856.9768
117668,1916.4504
117669,1965.4661
117670,1979.6945
117671,1942.9331
117672,1885.2551
117673,1660.2473
117674,1618.327
117675,1574.9482
117676,1583.5825
117677,1597.8828
117678,1616.8138
117679,1733.7302
117680,1900.5768
117681,1974.7268
117682,2005.6035
117683,1981.7434
117684,1958.8394
117685,1956.1964
117686,1946.3442
117687,1931.7059
117688,1903.1919
117689,1901.6747
117690,1903.2944
117691,1920.629
117692,1971.5037
117693,2023.9333
117694,2029.5028
117695,1995.0615
117696,1921.7424
117697,1687.3032
117698,1656.2871
117699,1620.2703
117700,1625.2119
117701,1625.1656
117702,1645.4242
117703,1771.979
117704,1910.8549
117705,2003.0587
117706,2022.2063
117707,2007.5055
117708,1982.9882
117709,1960.3132
117710,1968.5054
117711,1958.326
117712,1923.4305
117713,1924.4733
117714,1920.2181
117715,1952.1719
117716,1993.3468
117717,2040.4357
117718,2047.5859
117719,2008.8379
117720,1939.2949
117721,1666.6653
117722,1639.908
117723,1594.6992
117724,1599.871
117725,1589.6399
117726,1615.8933
117727,1735.5762
117728,1876.5126
117729,1953.5243
117730,1982.4886
117731,1964.0621
117732,1947.2092
117733,1941.3949
117734,1939.6624
117735,1924.4545
117736,1900.7606
117737,1893.2441
117738,1889.5302
117739,1910.8774
117740,1955.712
117741,2005.0695
117742,2015.1842
117743,1982.0743
117744,1894.0748
117745,1675.7286
117746,1647.1842
117747,1613.9231
117748,1609.3008
117749,1604.8286
117750,1637.9949
117751,1740.0787
117752,1888.0884
117753,1968.3915
117754,2001.1068
117755,1986.0549
117756,1962.1967
117757,1951.9789
117758,1951.0784
117759,1942.0181
117760,1913.076
117761,1905.7896
117762,1897.4781
117763,1904.8848
117764,1954.756
117765,2002.9148
117766,2010.4216
117767,1998.3492
117768,1911.35
117769,1691.7115
117770,1670.5144
117771,1608.8334
117772,1618.5547
117773,1619.0853
117774,1640.307
117775,1717.0032
117776,1863.2837
117777,1956.4432
117778,1978.8845
117779,1953.7087
117780,1933.3777
117781,1925.3958
117782,1921.0706
117783,1909.7377
117784,1884.9021
117785,1884.509
117786,1874.6176
117787,1883.7284
117788,1923.1185
117789,1976.901
117790,1980.3746
117791,1936.3529
117792,1865.0946
117793,1549.568
117794,1519.4374
117795,1482.6997
117796,1498.9574
117797,1490.5723
117798,1492.4269
117799,1546.0885
117800,1573.1226
117801,1662.3816
117802,1709.6183
117803,1724.6213
117804,1718.8867
117805,1711.9208
117806,1714.4059
117807,1695.2529
117808,1660.2432
117809,1658.7494
117810,1649.4564
117811,1668.5134
117812,1715.2952
117813,1773.099
117814,1789.5948
117815,1748.2936
117816,1681.6521
117817,1402.0526
117818,1390.1139
117819,1378.9072
117820,1364.7662
117821,1359.7617
117822,1366.7219
117823,1393.443
117824,1388.1112
117825,1509.126
117826,1514.2324
117827,1522.6538
117828,1519.7631
117829,1536.7264
117830,1537.9124
117831,1556.1205
117832,1521.9595
117833,1531.5326
117834,1501.2075
117835,1542.1465
117836,1572.2406
117837,1621.1069
117838,1637.8495
117839,1609.2018
117840,1551.5637
117841,1464.9095
117842,1457.0266
117843,1444.9294
117844,1435.6572
117845,1449.1326
117846,1467.3494
117847,1537.1508
117848,1687.6602
117849,1801.1223
117850,1791.9681
117851,1788.1786
117852,1769.8394
117853,1782.367
117854,1777.3538
117855,1762.7976
117856,1741.9532
117857,1733.9023
117858,1712.6173
117859,1736.624
117860,1774.778
117861,1793.5022
117862,1815.9386
117863,1795.2045
117864,1717.8297
117865,1460.417
117866,1443.7482
117867,1430.3141
117868,1424.1392
117869,1421.7756
117870,1449.269
117871,1525.718
117872,1663.1019
117873,1777.6589
117874,1757.568
117875,1764.1127
117876,1734.4607
117877,1744.8871
117878,1743.9352
117879,1719.8966
117880,1711.7001
117881,1696.5021
117882,1680.7272
117883,1704.6611
117884,1732.5393
117885,1759.7662
117886,1778.66
117887,1762.402
117888,1691.639
117889,1446.8348
117890,1424.158
117891,1412.662
117892,1400.0538
117893,1386.6816
117894,1417.3746
117895,1479.1045
117896,1630.1622
117897,1737.4559
117898,1719.38
117899,1735.067
117900,1711.1714
117901,1711.8378
117902,1716.6448
117903,1679.1326
117904,1678.97
117905,1655.7795
117906,1644.1183
117907,1657.738
117908,1702.4279
117909,1717.2682
117910,1752.2991
117911,1732.1638
117912,1659.8231
117913,1442.9042
117914,1431.5804
117915,1420.8881
117916,1415.9061
117917,1405.2876
117918,1421.9735
117919,1498.2671
117920,1635.2676
117921,1748.6815
117922,1732.3525
117923,1732.1066
117924,1722.4825
117925,1722.282
117926,1726.3007
117927,1698.4017
117928,1688.2328
117929,1675.4575
117930,1658.3453
117931,1669.131
117932,1693.8981
117933,1719.775
117934,1742.7532
117935,1730.5673
117936,1667.4896
117937,1532.404
117938,1516.2906
117939,1484.217
117940,1490.3041
117941,1481.4232
117942,1504.445
117943,1548.8916
117944,1686.2736
117945,1801.3
117946,1783.3235
117947,1784.1964
117948,1765.7222
117949,1764.3599
117950,1772.8881
117951,1743.0634
117952,1724.1674
117953,1725.2448
117954,1698.1002
117955,1729.963
117956,1750.3809
117957,1773.8577
117958,1792.7854
117959,1767.8063
117960,1697.8735
117961,1488.841
117962,1468.2822
117963,1450.2494
117964,1447.1058
117965,1436.1342
117966,1446.6182
117967,1464.449
117968,1499.4941
117969,1599.8479
117970,1611.3953
117971,1641.4633
117972,1633.6677
117973,1641.4741
117974,1652.1008
117975,1615.9783
117976,1600.3507
117977,1584.5778
117978,1560.5616
117979,1591.1685
117980,1612.9017
117981,1643.4904
117982,1674.5903
117983,1668.5645
117984,1584.1047
117985,1432.4811
117986,1365.038
117987,1337.6375
117988,1330.1112
117989,1333.4956
117990,1330.976
117991,1369.3202
117992,1436.6185
117993,1484.8392
117994,1495.1667
117995,1515.7361
117996,1512.4706
117997,1514.8079
117998,1529.7412
117999,1530.6578
118000,1490.7833
118001,1494.8743
118002,1477.331
118003,1533.6852
118004,1532.9868
118005,1593.6205
118006,1617.8362
118007,1600.7919
118008,1544.8608
118009,1482.4167
118010,1413.9353
118011,1382.5414
118012,1364.213
118013,1372.7518
118014,1402.6882
118015,1495.9358
118016,1712.5978
118017,1757.9869
118018,1748.454
118019,1757.6012
118020,1747.4655
118021,1736.9761
118022,1742.2938
118023,1716.2546
118024,1690.8801
118025,1687.6139
118026,1670.2897
118027,1701.5608
118028,1714.1604
118029,1753.2346
118030,1778.8855
118031,1755.7842
118032,1676.5571
118033,1454.1353
118034,1375.7924
118035,1334.8359
118036,1322.5436
118037,1329.3695
118038,1355.591
118039,1452.9229
118040,1661.4537
118041,1700.4629
118042,1693.0515
118043,1699.9733
118044,1683.7743
118045,1673.706
118046,1680.5022
118047,1645.9054
118048,1624.2594
118049,1617.4202
118050,1601.7792
118051,1639.7804
118052,1651.3754
118053,1687.5817
118054,1713.248
118055,1696.1802
118056,1617.5002
118057,1472.2201
118058,1389.6501
118059,1360.9617
118060,1346.4498
118061,1346.0302
118062,1365.6886
118063,1462.8197
118064,1670.3687
118065,1709.2548
118066,1694.7484
118067,1714.4753
118068,1694.8949
118069,1685.3364
118070,1695.7102
118071,1658.0896
118072,1634.3137
118073,1629.2368
118074,1611.0906
118075,1657.7406
118076,1672.2958
118077,1714.3508
118078,1735.732
118079,1709.3102
118080,1637.3741
118081,1445.4686
118082,1376.1647
118083,1344.3892
118084,1331.875
118085,1325.2008
118086,1350.0944
118087,1436.38
118088,1662.1215
118089,1698.5045
118090,1683.6588
118091,1697.4105
118092,1670.8137
118093,1666.6147
118094,1669.9993
118095,1641.7589
118096,1626.6719
118097,1607.1976
118098,1601.8773
118099,1615.3396
118100,1622.9733
118101,1665.4377
118102,1698.5745
118103,1695.3052
118104,1616.9746
118105,1498.9299
118106,1418.1814
118107,1365.9935
118108,1357.13
118109,1359.9773
118110,1383.8456
118111,1447.9337
118112,1660.495
118113,1699.4242
118114,1690.3337
118115,1701.7662
118116,1681.2563
118117,1672.1027
118118,1684.1511
118119,1640.3431
118120,1623.782
118121,1615.4467
118122,1589.6687
118123,1624.0063
118124,1635.6382
118125,1674.7748
118126,1701.2307
118127,1662.911
118128,1604.8345
118129,1413.6652
118130,1335.851
118131,1287.8016
118132,1285.8553
118133,1280.0306
118134,1289.6901
118135,1326.935
118136,1422.6807
118137,1449.3818
118138,1463.4592
118139,1505.398
118140,1506.4578
118141,1499.4269
118142,1507.5485
118143,1481.7465
118144,1449.1544
118145,1441.2816
118146,1420.2283
118147,1461.4537
118148,1476.9382
118149,1514.4551
118150,1546.1975
118151,1525.9674
118152,1448.0637
118153,1377.8577
118154,1287.4426
118155,1272.1605
118156,1250.0894
118157,1248.0466
118158,1260.064
118159,1276.4996
118160,1354.8201
118161,1389.7892
118162,1403.9011
118163,1441.1112
118164,1438.4385
118165,1441.9653
118166,1459.6482
118167,1478.1656
118168,1451.4429
118169,1453.7037
118170,1439.3423
118171,1471.5464
118172,1495.9137
118173,1509.7781
118174,1548.9398
118175,1533.1348
118176,1497.1714
118177,1422.5059
118178,1324.9728
118179,1302.5339
118180,1292.7307
118181,1313.6938
118182,1335.5538
118183,1410.4321
118184,1626.3704
118185,1662.1158
118186,1653.9524
118187,1675.8503
118188,1674.6534
118189,1680.2369
118190,1684.7762
118191,1657.1455
118192,1637.3153
118193,1634.9501
118194,1612.986
118195,1635.5847
118196,1654.4972
118197,1684.8816
118198,1711.7218
118199,1690.0244
118200,1622.4098
118201,1460.7007
118202,1360.8943
118203,1340.0116
118204,1327.2719
118205,1338.6515
118206,1373.5928
118207,1441.355
118208,1665.2825
118209,1694.0757
118210,1678.5477
118211,1699.2842
118212,1678.1376
118213,1671.8892
118214,1681.033
118215,1653.5319
118216,1641.1671
118217,1629.2845
118218,1620.8396
118219,1639.048
118220,1657.1482
118221,1677.5582
118222,1707.7416
118223,1691.5934
118224,1623.1151
118225,1443.4193
118226,1342.555
118227,1323.3412
118228,1305.2816
118229,1315.5402
118230,1337.3195
118231,1405.4803
118232,1620.7067
118233,1644.8004
118234,1636.9177
118235,1655.2693
118236,1639.2463
118237,1640.9452
118238,1648.522
118239,1616.8694
118240,1611.2391
118241,1596.8624
118242,1580.803
118243,1598.4515
118244,1620.4736
118245,1646.505
118246,1671.2048
118247,1656.9851
118248,1595.294
118249,1423.9309
118250,1325.1875
118251,1311.8884
118252,1299.4497
118253,1306.3356
118254,1329.5471
118255,1403.351
118256,1617.9712
118257,1646.7303
118258,1636.1105
118259,1646.7957
118260,1632.1697
118261,1632.0044
118262,1635.613
118263,1601.8766
118264,1600.2487
118265,1588.7479
118266,1567.5265
118267,1581.31
118268,1598.9198
118269,1632.768
118270,1653.8512
118271,1652.1234
118272,1589.7175
118273,1467.5288
118274,1366.0687
118275,1324.1794
118276,1334.314
118277,1341.1594
118278,1359.7742
118279,1403.4728
118280,1620.3042
118281,1661.0325
118282,1648.2041
118283,1661.4436
118284,1639.4747
118285,1640.495
118286,1651.2351
118287,1610.6652
118288,1605.5387
118289,1597.241
118290,1574.9308
118291,1600.5592
118292,1599.0006
118293,1631.5736
118294,1644.3826
118295,1638.0889
118296,1582.1501
118297,1375.2684
118298,1268.2065
118299,1250.0924
118300,1242.8492
118301,1255.3553
118302,1268.1455
118303,1267.6387
118304,1368.1284
118305,1398.2025
118306,1419.1332
118307,1454.7303
118308,1456.3827
118309,1455.1753
118310,1470.092
118311,1446.812
118312,1421.8425
118313,1409.9828
118314,1393.1865
118315,1410.6057
118316,1439.2349
118317,1460.6191
118318,1496.431
118319,1493.1342
118320,1439.1104
118321,1350.3014
118322,1244.9897
118323,1227.6274
118324,1222.0475
118325,1213.1422
118326,1225.496
118327,1250.4164
118328,1320.0013
118329,1357.6056
118330,1385.975
118331,1403.682
118332,1401.943
118333,1417.4077
118334,1441.7054
118335,1439.8003
118336,1402.67
118337,1403.3931
118338,1388.3057
118339,1429.568
118340,1471.3905
118341,1508.8502
118342,1542.8811
118343,1507.4132
118344,1430.7336
118345,1343.1453
118346,1244.7902
118347,1228.508
118348,1231.0742
118349,1230.6907
118350,1255.89
118351,1347.6573
118352,1538.1677
118353,1589.8639
118354,1582.0387
118355,1585.5005
118356,1581.3508
118357,1596.5825
118358,1617.8572
118359,1606.4957
118360,1583.1165
118361,1568.8196
118362,1560.3982
118363,1584.1383
118364,1595.6364
118365,1632.996
118366,1662.2786
118367,1624.5386
118368,1530.7477
118369,1389.5006
118370,1286.6184
118371,1233.6099
118372,1224.7125
118373,1232.6614
118374,1255.5609
118375,1344.2412
118376,1548.93
118377,1587.0677
118378,1611.8707
118379,1613.39
118380,1606.9885
118381,1622.5211
118382,1650.487
118383,1655.0465
118384,1645.6527
118385,1594.4843
118386,1613.7024
118387,1632.6536
118388,1619.2605
118389,1629.1743
118390,1668.7188
118391,1642.9954
118392,1591.8511
118393,1462.0857
118394,1357.3646
118395,1310.5063
118396,1291.1498
118397,1299.1249
118398,1317.9803
118399,1403.5227
118400,1613.7325
118401,1646.9408
118402,1676.1506
118403,1677.9128
118404,1668.1948
118405,1685.2806
118406,1716.052
118407,1719.323
118408,1703.0819
118409,1656.2969
118410,1666.2799
118411,1689.9463
118412,1680.9055
118413,1693.279
118414,1732.9954
118415,1709.462
118416,1653.794
118417,1491.0732
118418,1384.7882
118419,1338.1348
118420,1326.7054
118421,1331.5837
118422,1346.5687
118423,1437.4338
118424,1657.1844
118425,1688.8201
118426,1718.4061
118427,1717.8892
118428,1701.9703
118429,1722.2814
118430,1748.267
118431,1756.5066
118432,1741.8262
118433,1695.6116
118434,1711.5531
118435,1721.2974
118436,1702.295
118437,1721.1191
118438,1751.5239
118439,1734.4031
118440,1690.7462
118441,1496.4185
118442,1398.659
118443,1326.6664
118444,1328.7208
118445,1333.9818
118446,1345.6586
118447,1401.128
118448,1620.9828
118449,1657.7278
118450,1678.3578
118451,1681.0801
118452,1677.6167
118453,1693.197
118454,1728.0172
118455,1737.0576
118456,1717.5425
118457,1666.1268
118458,1679.2827
118459,1683.3494
118460,1666.6893
118461,1687.4572
118462,1716.548
118463,1668.506
118464,1638.0333
118465,1480.8713
118466,1378.8809
118467,1319.681
118468,1317.348
118469,1305.3313
118470,1310.3864
118471,1330.9165
118472,1433.1655
118473,1465.0914
118474,1517.8477
118475,1544.5295
118476,1556.9949
118477,1573.4316
118478,1606.6049
118479,1622.282
118480,1599.1207
118481,1556.2411
118482,1578.1417
118483,1572.9532
118484,1589.5063
118485,1595.3407
118486,1628.479
118487,1601.2253
118488,1581.5142
118489,1369.2758
118490,1290.4767
118491,1237.1396
118492,1221.5518
118493,1220.3384
118494,1210.0309
118495,1226.7756
118496,1329.5757
118497,1355.0219
118498,1395.9789
118499,1426.1477
118500,1429.8124
118501,1446.3013
118502,1489.933
118503,1482.6598
118504,1451.7673
118505,1428.4924
118506,1431.2502
118507,1483.6016
118508,1490.4856
118509,1505.568
118510,1555.2157
118511,1531.6737
118512,1478.5332
118513,1418.9757
118514,1342.0267
118515,1287.8961
118516,1268.7272
118517,1276.554
118518,1299.3871
118519,1393.7793
118520,1611.1956
118521,1659.2361
118522,1667.0791
118523,1673.5175
118524,1669.8119
118525,1696.2445
118526,1715.3428
118527,1714.4839
118528,1697.4183
118529,1672.1295
118530,1663.2084
118531,1685.1132
118532,1663.5533
118533,1687.067
118534,1732.7004
118535,1699.2875
118536,1624.5607
118537,1472.704
118538,1390.0984
118539,1329.962
118540,1315.1084
118541,1319.4684
118542,1339.2439
118543,1434.4574
118544,1651.9816
118545,1694.5612
118546,1693.9255
118547,1701.5194
118548,1692.697
118549,1711.6633
118550,1738.3552
118551,1724.7069
118552,1712.7869
118553,1681.9674
118554,1688.0925
118555,1702.1805
118556,1673.8759
118557,1696.2158
118558,1753.3256
118559,1723.1571
118560,1645.6525
118561,1468.2585
118562,1386.6665
118563,1329.7612
118564,1312.2156
118565,1301.1426
118566,1314.1969
118567,1415.1615
118568,1626.177
118569,1670.5869
118570,1668.2754
118571,1679.2656
118572,1672.6553
118573,1702.5143
118574,1722.2286
118575,1708.8783
118576,1696.3939
118577,1657.217
118578,1656.2449
118579,1676.6274
118580,1642.9679
118581,1679.2444
118582,1722.9089
118583,1693.2999
118584,1626.5062
118585,1515.7346
118586,1434.7294
118587,1386.5479
118588,1363.7761
118589,1358.3848
118590,1378.1921
118591,1474.0143
118592,1685.8413
118593,1726.7661
118594,1734.5432
118595,1736.1948
118596,1730.3545
118597,1749.294
118598,1769.4575
118599,1766.4116
118600,1752.0114
118601,1722.7231
118602,1718.6959
118603,1731.5851
118604,1696.5979
118605,1725.0642
118606,1772.643
118607,1766.46
118608,1689.3329
118609,1505.1648
118610,1426.7992
118611,1349.1456
118612,1340.4904
118613,1335.2568
118614,1355.207
118615,1420.0148
118616,1632.0028
118617,1675.1586
118618,1683.8724
118619,1687.7646
118620,1677.8541
118621,1705.1633
118622,1730.0845
118623,1718.3157
118624,1704.2062
118625,1665.5983
118626,1656.4153
118627,1689.1819
118628,1645.4194
118629,1674.4886
118630,1714.4811
118631,1690.8539
118632,1619.7931
118633,1477.7834
118634,1391.6768
118635,1323.8573
118636,1318.2096
118637,1310.5371
118638,1307.3848
118639,1329.48
118640,1441.6249
118641,1475.4105
118642,1509.318
118643,1541.529
118644,1545.9722
118645,1560.7094
118646,1598.7822
118647,1583.5199
118648,1566.3097
118649,1532.0027
118650,1528.8363
118651,1556.1721
118652,1550.4926
118653,1562.5046
118654,1615.7814
118655,1602.8384
118656,1551.9269
118657,1455.624
118658,1371.327
118659,1327.6583
118660,1301.121
118661,1301.0583
118662,1285.4142
118663,1312.5427
118664,1395.7167
118665,1420.512
118666,1448.7295
118667,1503.0739
118668,1519.2152
118669,1532.1619
118670,1583.7544
118671,1578.856
118672,1554.3826
118673,1543.0048
118674,1527.3813
118675,1581.586
118676,1568.0391
118677,1573.9557
118678,1626.1754
118679,1630.9862
118680,1565.7775
118681,1423.3514
118682,1343.8186
118683,1303.1008
118684,1276.6183
118685,1279.2388
118686,1302.6744
118687,1405.8027
118688,1616.7504
118689,1658.0927
118690,1668.0398
118691,1680.7303
118692,1679.6191
118693,1702.1146
118694,1711.4305
118695,1718.667
118696,1709.4823
118697,1689.4843
118698,1680.4059
118699,1696.2737
118700,1674.6718
118701,1678.598
118702,1717.2183
118703,1719.9958
118704,1644.387
118705,1413.4862
118706,1319.4275
118707,1266.8243
118708,1259.0979
118709,1260.3589
118710,1275.9022
118711,1375.2277
118712,1603.758
118713,1642.7638
118714,1637.8623
118715,1644.7935
118716,1627.9344
118717,1638.4829
118718,1659.8862
118719,1665.3553
118720,1664.4026
118721,1637.857
118722,1628.3514
118723,1637.4838
118724,1617.9884
118725,1620.5273
118726,1670.469
118727,1676.0404
118728,1594.5394
118729,1371.2783
118730,1288.6903
118731,1236.7402
118732,1227.2777
118733,1225.069
118734,1246.5378
118735,1339.9825
118736,1560.8389
118737,1599.5486
118738,1593.3663
118739,1608.4773
118740,1579.8406
118741,1609.6184
118742,1618.967
118743,1619.5175
118744,1607.8724
118745,1588.7533
118746,1581.9952
118747,1589.4344
118748,1567.2039
118749,1585.0127
118750,1621.2924
118751,1635.8695
118752,1552.5859
118753,1406.0828
118754,1310.176
118755,1272.2513
118756,1258.8943
118757,1252.9816
118758,1278.952
118759,1369.2712
118760,1582.364
118761,1618.0962
118762,1624.4863
118763,1630.9006
118764,1622.8184
118765,1636.631
118766,1647.7622
118767,1649.5049
118768,1635.7684
118769,1615.7654
118770,1603.8495
118771,1608.1328
118772,1580.6438
118773,1586.8202
118774,1632.4443
118775,1655.3341
118776,1578.2832
118777,1404.279
118778,1315.1622
118779,1250.7708
118780,1234.6729
118781,1234.5045
118782,1250.305
118783,1328.4735
118784,1539.3364
118785,1578.5573
118786,1581.1461
118787,1591.1561
118788,1580.4858
118789,1597.1953
118790,1617.1914
118791,1608.5809
118792,1598.0951
118793,1574.2504
118794,1556.7338
118795,1577.085
118796,1546.5219
118797,1555.1243
118798,1591.4247
118799,1592.284
118800,1526.6315
118801,1323.838
118802,1231.1342
118803,1175.058
118804,1154.9124
118805,1152.2487
118806,1141.9751
118807,1179.7013
118808,1273.2126
118809,1306.2875
118810,1329.9745
118811,1383.2155
118812,1388.3945
118813,1405.4623
118814,1443.0941
118815,1441.2
118816,1414.189
118817,1392.7664
118818,1380.4928
118819,1414.0284
118820,1401.5509
118821,1406.4629
118822,1457.6157
118823,1466.2524
118824,1397.9595
118825,1290.459
118826,1213.2766
118827,1157.22
118828,1122.8583
118829,1119.9137
118830,1133.5701
118831,1153.3927
118832,1225.9874
118833,1249.9447
118834,1305.2753
118835,1337.1128
118836,1355.4347
118837,1380.5372
118838,1443.4288
118839,1453.2708
118840,1433.2395
118841,1397.356
118842,1407.2628
118843,1458.051
118844,1461.128
118845,1448.8708
118846,1510.3911
118847,1509.054
118848,1426.3683
118849,1342.2393
118850,1259.3188
118851,1195.8475
118852,1164.5573
118853,1185.595
118854,1202.9998
118855,1311.0759
118856,1495.6149
118857,1530.5026
118858,1571.0917
118859,1574.3978
118860,1597.9242
118861,1617.9674
118862,1661.3188
118863,1664.3636
118864,1662.8727
118865,1635.664
118866,1622.9448
118867,1636.4513
118868,1624.5444
118869,1612.9946
118870,1662.3263
118871,1665.403
118872,1582.7471
118873,1346.3953
118874,1271.4186
118875,1194.0725
118876,1179.5725
118877,1192.693
118878,1211.4435
118879,1296.9819
118880,1499.9027
118881,1537.2823
118882,1561.102
118883,1568.6263
118884,1565.126
118885,1590.2527
118886,1639.3351
118887,1638.7627
118888,1650.0029
118889,1605.2126
118890,1595.6522
118891,1614.265
118892,1597.5642
118893,1582.2428
118894,1630.5115
118895,1641.7301
118896,1556.8875
118897,1355.7751
118898,1273.326
118899,1204.0916
118900,1182.766
118901,1179.5819
118902,1201.0839
118903,1292.9436
118904,1487.6908
118905,1525.116
118906,1551.0822
118907,1561.1621
118908,1568.6466
118909,1588.6748
118910,1631.9426
118911,1632.3468
118912,1637.6515
118913,1602.7062
118914,1597.3518
118915,1617.5306
118916,1597.5146
118917,1585.4768
118918,1633.9307
118919,1646.9053
118920,1557.1487
118921,1340.4703
118922,1251.4381
118923,1184.2344
118924,1172.8214
118925,1175.7772
118926,1191.8019
118927,1286.7966
118928,1483.5774
118929,1514.0131
118930,1544.5375
118931,1555.5244
118932,1557.2117
118933,1579.684
118934,1620.5254
118935,1613.2317
118936,1623.225
118937,1593.5061
118938,1571.9463
118939,1578.8319
118940,1560.8363
118941,1558.6757
118942,1606.453
118943,1631.0021
118944,1546.4264
118945,1388.1736
118946,1304.7775
118947,1222.2081
118948,1203.7521
118949,1213.1588
118950,1228.635
118951,1292.5245
118952,1491.6226
118953,1525.6106
118954,1558.46
118955,1564.774
118956,1567.83
118957,1588.7936
118958,1633.7534
118959,1624.8438
118960,1630.888
118961,1598.462
118962,1580.4862
118963,1597.9856
118964,1569.8038
118965,1566.0048
118966,1610.1074
118967,1615.2081
118968,1535.2573
118969,1328.8224
118970,1240.7363
118971,1162.601
118972,1141.1196
118973,1137.6611
118974,1143.5277
118975,1169.0328
118976,1246.1719
118977,1277.6521
118978,1333.1842
118979,1366.3525
118980,1396.8004
118981,1419.46
118982,1467.3042
118983,1464.7782
118984,1460.2937
118985,1425.9651
118986,1427.6937
118987,1438.5497
118988,1441.2671
118989,1425.0322
118990,1483.3585
118991,1494.4219
118992,1420.1537
118993,1312.9265
118994,1231.9425
118995,1187.6765
118996,1142.7848
118997,1139.5363
118998,1161.375
118999,1166.6483
119000,1233.3325
119001,1260.8171
119002,1306.5565
119003,1352.2478
119004,1377.7648
119005,1396.89
119006,1454.1506
119007,1459.0333
119008,1435.8315
119009,1449.5747
119010,1438.4979
119011,1448.7988
119012,1468.7301
119013,1455.0837
119014,1511.8494
119015,1521.6223
119016,1441.3396
119017,1356.8198
119018,1268.669
119019,1218.8373
119020,1188.3624
119021,1203.2262
119022,1227.9886
119023,1324.6212
119024,1514.5345
119025,1553.961
119026,1586.8389
119027,1605.7854
119028,1616.7157
119029,1640.945
119030,1679.2797
119031,1667.206
119032,1666.3632
119033,1667.7668
119034,1658.0502
119035,1652.4714
119036,1625.3608
119037,1627.0436
119038,1666.3204
119039,1677.2548
119040,1585.5225
119041,1369.7981
119042,1273.5002
119043,1224.022
119044,1200.2611
119045,1212.1989
119046,1242.6063
119047,1316.8625
119048,1514.8325
119049,1553.6462
119050,1576.1655
119051,1592.11
119052,1593.0791
119053,1603.8188
119054,1653.2422
119055,1641.9193
119056,1644.0724
119057,1635.6831
119058,1630.1492
119059,1616.1611
119060,1602.6075
119061,1597.0696
119062,1650.6802
119063,1655.8135
119064,1571.1067
119065,1373.0159
119066,1276.2686
119067,1228.2393
119068,1201.6577
119069,1205.8751
119070,1232.5175
119071,1304.9229
119072,1504.2223
119073,1543.1505
119074,1567.0806
119075,1591.7783
119076,1590.5786
119077,1600.3942
119078,1646.7914
119079,1645.0396
119080,1637.1163
119081,1636.9867
119082,1641.3512
119083,1624.8953
119084,1602.2633
119085,1596.3386
119086,1644.0889
119087,1652.9185
119088,1563.2788
119089,1402.0298
119090,1274.7833
119091,1238.9156
119092,1215.5667
119093,1211.2805
119094,1234.7184
119095,1334.8195
119096,1512.2231
119097,1535.06
119098,1569.4818
119099,1597.2852
119100,1614.2517
119101,1614.7388
119102,1674.6389
119103,1679.9353
119104,1671.2183
119105,1666.3595
119106,1676.3057
119107,1675.5444
119108,1656.0863
119109,1651.4846
119110,1695.0339
119111,1683.3083
119112,1598.593
119113,1455.9003
119114,1337.8575
119115,1277.9524
119116,1254.5651
119117,1251.5559
119118,1273.6272
119119,1349.5238
119120,1521.0101
119121,1543.1033
119122,1576.9872
119123,1611.2163
119124,1629.8529
119125,1635.341
119126,1704.4584
119127,1698.4886
119128,1682.6875
119129,1686.1366
119130,1691.242
119131,1691.404
119132,1661.3313
119133,1652.3972
119134,1693.7268
119135,1685.6528
119136,1599.6093
119137,1388.5498
119138,1266.5144
119139,1217.6362
119140,1181.6263
119141,1177.7002
119142,1171.6448
119143,1213.6324
119144,1277.2534
119145,1298.0872
119146,1356.7614
119147,1410.274
119148,1439.7101
119149,1456.7358
119150,1530.1598
119151,1537.1978
119152,1508.5465
119153,1514.0813
119154,1523.412
119155,1527.2141
119156,1524.134
119157,1504.4772
119158,1553.8584
119159,1551.8986
119160,1475.0286
119161,1384.863
119162,1272.8156
119163,1239.7039
119164,1183.1213
119165,1180.828
119166,1184.8502
119167,1206.7277
119168,1254.2589
119169,1270.2535
119170,1312.2401
119171,1385.6526
119172,1426.4702
119173,1445.609
119174,1541.1656
119175,1527.2833
119176,1509.1935
119177,1515.4874
119178,1521.608
119179,1541.9172
119180,1553.0332
119181,1521.9167
119182,1583.0056
119183,1578.8105
119184,1524.5166
119185,1346.9895
119186,1241.8246
119187,1190.9575
119188,1151.9155
119189,1149.0901
119190,1173.1942
119191,1291.1257
119192,1451.9841
119193,1481.0778
119194,1506.5848
119195,1545.1777
119196,1569.2617
119197,1603.3179
119198,1670.2472
119199,1659.5634
119200,1662.7534
119201,1663.9062
119202,1675.6614
119203,1657.5319
119204,1629.8126
119205,1625.7802
119206,1660.7135
119207,1654.3741
119208,1581.1742
119209,1456.7433
119210,1347.1504
119211,1290.0325
119212,1254.4198
119213,1257.9265
119214,1283.4606
119215,1380.7784
119216,1547.2379
119217,1577.5171
119218,1601.2472
119219,1631.9651
119220,1645.9784
119221,1680.1749
119222,1736.1084
119223,1732.7544
119224,1735.7808
119225,1733.891
119226,1745.5002
119227,1712.8623
119228,1701.9436
119229,1681.5566
119230,1723.2535
119231,1730.6079
119232,1658.4631
119233,1497.3142
119234,1386.1733
119235,1327.3456
119236,1285.0024
119237,1290.236
119238,1307.1389
119239,1403.8591
119240,1580.2667
119241,1614.7822
119242,1622.9104
119243,1668.4218
119244,1680.2625
119245,1708.482
119246,1773.7131
119247,1756.5267
119248,1763.9519
119249,1763.5385
119250,1776.2477
119251,1744.6866
119252,1726.3353
119253,1705.3464
119254,1749.4692
119255,1750.4547
119256,1680.822
119257,1530.9999
119258,1416.178
119259,1370.8088
119260,1333.3983
119261,1338.8131
119262,1351.9618
119263,1452.7313
119264,1631.3545
119265,1658.8082
119266,1674.4283
119267,1710.042
119268,1720.1306
119269,1748.7693
119270,1814.921
119271,1786.2994
119272,1799.0787
119273,1795.4473
119274,1802.2054
119275,1777.819
119276,1751.4879
119277,1746.3099
119278,1784.9836
119279,1780.874
119280,1722.6383
119281,1578.7421
119282,1468.3319
119283,1396.3997
119284,1362.4393
119285,1368.3586
119286,1378.5359
119287,1453.2225
119288,1626.4896
119289,1657.1885
119290,1672.538
119291,1712.7906
119292,1730.2733
119293,1764.2566
119294,1826.8108
119295,1799.2191
119296,1804.2336
119297,1796.2423
119298,1806.128
119299,1763.9382
119300,1741.8029
119301,1733.4419
119302,1764.4255
119303,1755.8226
119304,1710.5121
119305,1521.5985
119306,1410.4945
119307,1348.0222
119308,1303.2078
119309,1302.5879
119310,1298.6294
119311,1336.8159
119312,1386.6227
119313,1418.2181
119314,1466.9666
119315,1519.0159
119316,1556.945
119317,1588.8217
119318,1665.9657
119319,1649.6704
119320,1638.8933
119321,1640.4955
119322,1647.5328
119323,1637.5374
119324,1645.8619
119325,1615.4761
119326,1662.7897
119327,1657.819
119328,1610.9691
119329,1373.6063
119330,1259.8954
119331,1225.8442
119332,1172.6344
119333,1163.3365
119334,1175.7566
119335,1187.0908
119336,1255.5474
119337,1257.5009
119338,1289.3602
119339,1375.5498
119340,1403.9551
119341,1436.5385
119342,1513.8391
119343,1510.0745
119344,1478.3257
119345,1489.2656
119346,1488.9705
119347,1516.0891
119348,1520.1388
119349,1505.9453
119350,1551.1378
119351,1548.1245
119352,1489.6477
119353,1449.0374
119354,1338.2471
119355,1284.3772
119356,1249.4839
119357,1243.5425
119358,1260.6064
119359,1356.0508
119360,1546.8165
119361,1574.5769
119362,1584.5272
119363,1636.5795
119364,1665.0365
119365,1686.0488
119366,1752.628
119367,1754.8911
119368,1738.6332
119369,1744.8763
119370,1739.881
119371,1732.675
119372,1699.2622
119373,1693.0819
119374,1721.7631
119375,1731.2992
119376,1666.3774
119377,1470.9886
119378,1359.4525
119379,1308.7855
119380,1280.2324
119381,1270.4058
119382,1294.3684
119383,1370.1537
119384,1572.2156
119385,1588.1543
119386,1590.0605
119387,1642.1671
119388,1655.7719
119389,1672.6965
119390,1745.8175
119391,1746.914
119392,1726.4587
119393,1736.3457
119394,1733.2328
119395,1719.8307
119396,1693.5599
119397,1679.2825
119398,1713.4332
119399,1721.3572
119400,1659.9469
119401,1484.4772
119402,1375.5992
119403,1333.5011
119404,1299.875
119405,1277.3502
119406,1301.4598
119407,1366.5492
119408,1568.6028
119409,1590.7393
119410,1591.6913
119411,1641.3369
119412,1671.6232
119413,1690.9027
119414,1747.1031
119415,1745.9999
119416,1728.8607
119417,1731.152
119418,1744.6661
119419,1720.7623
119420,1701.042
119421,1684.6573
119422,1700.8622
119423,1728.1582
119424,1658.882
119425,1444.6584
119426,1324.2747
119427,1282.692
119428,1258.9976
119429,1240.3047
119430,1256.9435
119431,1333.8484
119432,1531.9463
119433,1550.3473
119434,1558.8209
119435,1589.8933
119436,1626.3988
119437,1645.3439
119438,1699.0499
119439,1705.4822
119440,1686.0212
119441,1688.2932
119442,1691.1833
119443,1684.4604
119444,1655.0382
119445,1652.1663
119446,1662.6981
119447,1687.9078
119448,1614.6309
119449,1438.1575
119450,1332.7853
119451,1271.9171
119452,1247.6826
119453,1239.2374
119454,1250.9037
119455,1294.153
119456,1494.781
119457,1514.3448
119458,1520.1318
119459,1554.9666
119460,1587.362
119461,1620.3193
119462,1674.1771
119463,1668.8297
119464,1649.0912
119465,1649.1735
119466,1656.0353
119467,1632.758
119468,1592.1556
119469,1598.1191
119470,1605.0182
119471,1638.2731
119472,1569.0148
119473,1443.3567
119474,1325.34
119475,1276.6788
119476,1240.0107
119477,1215.9628
119478,1224.6422
119479,1230.7294
119480,1313.4407
119481,1333.1978
119482,1365.8789
119483,1434.7236
119484,1483.5708
119485,1511.4738
119486,1572.8206
119487,1576.9517
119488,1541.175
119489,1544.0492
119490,1552.8024
119491,1546.3019
119492,1546.7662
119493,1529.7789
119494,1558.5164
119495,1581.7295
119496,1512.5729
119497,1316.0577
119498,1194.4559
119499,1159.009
119500,1118.6079
119501,1109.1409
119502,1110.4111
119503,1123.3995
119504,1185.3077
119505,1188.1627
119506,1246.917
119507,1300.1316
119508,1343.104
119509,1371.3085
119510,1443.8506
119511,1456.8727
119512,1420.157
119513,1435.0779
119514,1445.359
119515,1457.1234
119516,1482.279
119517,1458.1696
119518,1483.4384
119519,1490.8898
119520,1436.176
119521,1358.4849
119522,1237.3254
119523,1196.3997
119524,1163.3522
119525,1148.184
119526,1166.1752
119527,1264.6705
119528,1435.0967
119529,1457.4954
119530,1493.3423
119531,1521.178
119532,1565.5239
119533,1584.5802
119534,1644.4962
119535,1681.9225
119536,1661.9047
119537,1666.3229
119538,1666.2391
119539,1645.3864
119540,1653.1282
119541,1639.0729
119542,1642.6094
119543,1652.1276
119544,1587.0823
119545,1470.1243
119546,1349.0609
119547,1310.3334
119548,1286.7484
119549,1268.9918
119550,1288.8386
119551,1368.0255
119552,1553.7208
119553,1570.6204
119554,1599.2991
119555,1621.7031
119556,1640.7725
119557,1664.1738
119558,1735.1857
119559,1767.9823
119560,1749.1006
119561,1752.1743
119562,1762.4094
119563,1734.4589
119564,1736.9681
119565,1723.4342
119566,1729.4686
119567,1742.434
119568,1676.1128
119569,1512.157
119570,1386.0045
119571,1340.3973
119572,1312.9033
119573,1292.044
119574,1310.0608
119575,1387.8981
119576,1572.1287
119577,1589.8557
119578,1618.856
119579,1647.6969
119580,1677.2345
119581,1701.1676
119582,1769.2775
119583,1791.6035
119584,1772.8832
119585,1762.42
119586,1775.4587
119587,1739.1385
119588,1751.0276
119589,1728.343
119590,1735.6886
119591,1749.0854
119592,1698.4365
119593,1496.5983
119594,1376.3439
119595,1338.0414
119596,1304.2229
119597,1285.3696
119598,1308.1012
119599,1387.2961
119600,1570.2006
119601,1589.3336
119602,1618.0999
119603,1644.8461
119604,1666.1664
119605,1699.4764
119606,1762.33
119607,1786.1764
119608,1774.0251
119609,1771.0514
119610,1776.7954
119611,1746.1903
119612,1749.2635
119613,1738.9329
119614,1736.88
119615,1744.0762
119616,1692.3309
119617,1451.8577
119618,1331.1023
119619,1266.4368
119620,1241.119
119621,1216.5558
119622,1232.9297
119623,1290.5597
119624,1478.3044
119625,1498.2612
119626,1523.5608
119627,1551.0983
119628,1587.3228
119629,1615.9619
119630,1683.303
119631,1704.7046
119632,1685.8619
119633,1688.3066
119634,1687.5558
119635,1659.6095
119636,1650.7509
119637,1631.6456
119638,1633.783
119639,1642.0823
119640,1593.3563
119641,1420.3395
119642,1294.2611
119643,1234.7434
119644,1206.1007
119645,1175.1661
119646,1177.7811
119647,1200.0728
119648,1268.1171
119649,1287.4192
119650,1341.5397
119651,1400.3976
119652,1455.6349
119653,1482.7605
119654,1556.3047
119655,1571.8986
119656,1550.0028
119657,1548.2849
119658,1560.3715
119659,1535.4681
119660,1554.9083
119661,1521.8494
119662,1544.0953
119663,1549.3033
119664,1505.0609
119665,1468.2517
119666,1346.2168
119667,1308.3579
119668,1252.8652
119669,1222.4696
119670,1231.1202
119671,1234.6927
119672,1270.4937
119673,1282.148
119674,1362.8419
119675,1420.5886
119676,1494.0554
119677,1546.0519
119678,1668.4637
119679,1722.5563
119680,1718.5303
119681,1710.15
119682,1737.9463
119683,1765.2446
119684,1744.8931
119685,1727.7468
119686,1710.0966
119687,1725.2794
119688,1660.7821
119689,1490.4818
119690,1371.4873
119691,1317.2144
119692,1259.2458
119693,1238.6887
119694,1251.5017
119695,1324.948
119696,1494.8215
119697,1498.7158
119698,1560.5242
119699,1605.7246
119700,1678.3186
119701,1723.8043
119702,1844.5688
119703,1881.7776
119704,1891.6613
119705,1884.41
119706,1891.5519
119707,1888.9911
119708,1865.1627
119709,1843.2979
119710,1811.3667
119711,1838.7021
119712,1747.2765
119713,1606.812
119714,1488.5455
119715,1431.3059
119716,1384.9291
119717,1364.6729
119718,1376.903
119719,1436.3429
119720,1613.9945
119721,1619.5853
119722,1667.8773
119723,1718.1045
119724,1762.2466
119725,1813.3815
119726,1938.7456
119727,1966.7432
119728,1978.0065
119729,1971.5332
119730,1988.7924
119731,1976.6359
119732,1954.1914
119733,1934.3606
119734,1906.0253
119735,1937.5482
119736,1854.5627
119737,1647.4965
119738,1515.3029
119739,1456.6715
119740,1411.6389
119741,1386.2668
119742,1399.1866
119743,1457.5288
119744,1640.1589
119745,1642.3945
119746,1695.4656
119747,1753.2466
119748,1803.896
119749,1848.7312
119750,1974.7023
119751,1978.8827
119752,1992.341
119753,1978.9011
119754,1997.6334
119755,1981.719
119756,1962.8685
119757,1933.1986
119758,1908.3695
119759,1951.3744
119760,1870.6974
119761,1665.3271
119762,1538.2933
119763,1493.905
119764,1435.5425
119765,1421.7997
119766,1428.6407
119767,1487.3511
119768,1669.9213
119769,1670.9425
119770,1726.5856
119771,1777.5868
119772,1823.4714
119773,1872.0747
119774,1995.0139
119775,2012.6337
119776,2024.3251
119777,2012.6531
119778,2027.4363
119779,2007.0668
119780,1984.7631
119781,1971.539
119782,1944.3047
119783,1973.3281
119784,1904.8999
119785,1736.3837
119786,1607.0084
119787,1541.063
119788,1488.273
119789,1472.3617
119790,1479.9702
119791,1510.6165
119792,1687.7805
119793,1688.5762
119794,1738.9174
119795,1799.0748
119796,1856.5168
119797,1898.1663
119798,2029.7596
119799,2055.1777
119800,2054.136
119801,2035.2714
119802,2058.1614
119803,2035.0978
119804,2005.5497
119805,1985.6573
119806,1949.1405
119807,1988.263
119808,1914.6393
119809,1642.5465
119810,1519.2883
119811,1464.7742
119812,1412.5692
119813,1380.6029
119814,1388.6108
119815,1400.7758
119816,1468.512
119817,1469.0443
119818,1547.585
119819,1618.6324
119820,1694.9618
119821,1745.2626
119822,1859.7512
119823,1874.1113
119824,1876.959
119825,1859.999
119826,1892.0156
119827,1890.0846
119828,1871.2443
119829,1838.2155
119830,1805.9646
119831,1827.9786
119832,1763.7096
119833,1521.123
119834,1391.9333
119835,1351.7699
119836,1305.5729
119837,1259.5417
119838,1250.8281
119839,1248.7808
119840,1291.6885
119841,1303.622
119842,1404.5381
119843,1470.9244
119844,1558.4126
119845,1647.438
119846,1764.3391
119847,1812.6157
119848,1830.5898
119849,1816.4429
119850,1852.754
119851,1848.3785
119852,1842.959
119853,1811.0903
119854,1779.9003
119855,1790.7471
119856,1708.0604
119857,1564.2241
119858,1398.3005
119859,1349.0396
119860,1298.5431
119861,1265.6948
119862,1270.1869
119863,1330.1392
119864,1509.9834
119865,1516.6818
119866,1596.1509
119867,1653.0278
119868,1774.0146
119869,1858.0367
119870,1972.489
119871,1989.5205
119872,2011.7025
119873,2001.6954
119874,2019.8253
119875,2001.6553
119876,1987.2375
119877,1957.2104
119878,1923.3862
119879,1940.3396
119880,1794.4886
119881,1616.4366
119882,1440.8539
119883,1385.5983
119884,1342.9352
119885,1310.7316
119886,1311.2548
119887,1369.9113
119888,1548.9594
119889,1552.6718
119890,1623.4531
119891,1680.4757
119892,1790.9508
119893,1874.3741
119894,1988.0691
119895,2010.1061
119896,2025.9277
119897,2021.9011
119898,2052.3398
119899,2026.0054
119900,2015.8594
119901,1981.2413
119902,1948.8004
119903,1957.0612
119904,1821.3868
119905,1641.2845
119906,1472.3767
119907,1425.0773
119908,1371.8265
119909,1329.0201
119910,1326.0048
119911,1387.7703
119912,1562.4116
119913,1569.8207
119914,1631.7362
119915,1694.2717
119916,1809.7205
119917,1897.4016
119918,2015.4521
119919,2043.3761
119920,2057.532
119921,2043.9635
119922,2064.6035
119923,2045.063
119924,2031.3954
119925,1997.6915
119926,1963.1311
119927,1972.2351
119928,1835.3672
119929,1749.6958
119930,1582.5637
119931,1530.1783
119932,1482.8278
119933,1437.3433
119934,1432.744
119935,1491.9053
119936,1675.9872
119937,1669.7488
119938,1754.6785
119939,1805.0624
119940,1911.299
119941,2005.722
119942,2120.2751
119943,2146.483
119944,2168.7898
119945,2159.617
119946,2185.6396
119947,2152.3013
119948,2134.9404
119949,2117.7063
119950,2067.169
119951,2083.4734
119952,1951.7566
119953,1838.1154
119954,1669.2155
119955,1593.7384
119956,1551.4519
119957,1507.7081
119958,1513.3202
119959,1520.9629
119960,1709.2511
119961,1715.1149
119962,1789.1444
119963,1855.5939
119964,1962.7305
119965,2047.0992
119966,2169.9434
119967,2196.1692
119968,2212.2617
119969,2194.7668
119970,2218.861
119971,2166.092
119972,2154.4597
119973,2125.7432
119974,2076.065
119975,2106.105
119976,1980.1747
119977,1624.4772
119978,1498.27
119979,1442.937
119980,1401.9028
119981,1348.3289
119982,1347.8752
119983,1333.7915
119984,1409.8945
119985,1415.9088
119986,1510.1724
119987,1595.1624
119988,1682.2587
119989,1778.2429
119990,1882.3317
119991,1906.3967
119992,1928.1653
119993,1908.9019
119994,1943.211
119995,1913.8418
119996,1904.521
119997,1858.3826
119998,1830.9688
119999,1842.4526
120000,1746.2448
120001,1446.6134
120002,1387.7719
120003,1331.0697
120004,1266.1189
120005,1232.2283
120006,1230.2146
120007,1240.261
120008,1206.6709
120009,1282.6405
120010,1358.3906
120011,1458.3759
120012,1526.2174
120013,1622.7357
120014,1772.201
120015,1839.5135
120016,1829.2852
120017,1829.1155
120018,1851.6212
120019,1881.8702
120020,1852.7004
120021,1813.1549
120022,1785.3237
120023,1756.9092
120024,1701.2826
120025,1522.4045
120026,1431.7021
120027,1384.8711
120028,1317.8695
120029,1286.7665
120030,1305.1732
120031,1359.5259
120032,1471.1788
120033,1548.2971
120034,1611.601
120035,1691.5704
120036,1781.9391
120037,1878.036
120038,2012.1759
120039,2055.1267
120040,2054.382
120041,2045.9099
120042,2056.4915
120043,2061.2788
120044,2038.0449
120045,1999.8297
120046,1956.6101
120047,1940.2041
120048,1843.8733
120049,1564.5658
120050,1467.7279
120051,1406.9315
120052,1349.4977
120053,1324.6091
120054,1334.7976
120055,1384.6804
120056,1499.0612
120057,1570.1779
120058,1632.5077
120059,1706.8939
120060,1779.5436
120061,1874.3354
120062,2012.0175
120063,2047.6646
120064,2048.9421
120065,2043.8441
120066,2058.3655
120067,2067.5906
120068,2055.9553
120069,2005.7614
120070,1968.6332
120071,1953.5536
120072,1860.4536
120073,1597.4281
120074,1499.3033
120075,1440.7711
120076,1377.4507
120077,1337.4487
120078,1348.2297
120079,1400.6217
120080,1508.6661
120081,1582.5142
120082,1643.0724
120083,1721.3422
120084,1806.7872
120085,1908.6571
120086,2042.3417
120087,2078.3762
120088,2083.7065
120089,2070.8992
120090,2085.741
120091,2085.1262
120092,2066.0305
120093,2021.8453
120094,1984.7317
120095,1968.5768
120096,1879.0698
120097,1633.2983
120098,1530.5603
120099,1465.6517
120100,1407.6191
120101,1372.6157
120102,1387.4285
120103,1432.5547
120104,1554.0891
120105,1621.6196
120106,1683.3806
120107,1759.6396
120108,1838.6174
120109,1933.083
120110,2064.5586
120111,2112.3054
120112,2114.8447
120113,2106.3328
120114,2118.4097
120115,2107.3386
120116,2085.6145
120117,2051.4197
120118,2013.214
120119,2004.943
120120,1907.0791
120121,1607.9928
120122,1517.9746
120123,1437.5702
120124,1391.4485
120125,1350.7021
120126,1360.7445
120127,1370.6145
120128,1491.0884
120129,1561.5656
120130,1619.8181
120131,1692.1561
120132,1782.1915
120133,1873.14
120134,2014.8086
120135,2052.2422
120136,2060.6597
120137,2052.0195
120138,2063.114
120139,2048.4385
120140,2015.6577
120141,1980.5736
120142,1943.8062
120143,1930.7935
120144,1839.6033
120145,1548.5422
120146,1489.6249
120147,1410.9573
120148,1357.6863
120149,1310.0708
120150,1319.7654
120151,1322.9061
120152,1315.0442
120153,1383.7983
120154,1466.5703
120155,1568.33
120156,1637.7535
120157,1733.687
120158,1872.1604
120159,1914.628
120160,1906.7317
120161,1903.337
120162,1921.8676
120163,1945.9001
120164,1911.8203
120165,1864.8496
120166,1842.9647
120167,1810.8721
120168,1736.329
120169,1571.859
120170,1510.1519
120171,1474.248
120172,1401.892
120173,1359.0878
120174,1365.3763
120175,1373.5682
120176,1337.7637
120177,1406.2313
120178,1477.402
120179,1554.2754
120180,1641.2666
120181,1722.3544
120182,1845.2906
120183,1926.5405
120184,1933.6863
120185,1922.815
120186,1951.4634
120187,1978.6736
120188,1952.086
120189,1932.349
120190,1877.4058
120191,1880.3662
120192,1797.3468
120193,1621.2943
120194,1530.106
120195,1491.6237
120196,1432.2328
120197,1413.9014
120198,1413.234
120199,1472.4653
120200,1573.9275
120201,1648.9219
120202,1699.5206
120203,1763.1754
120204,1869.2262
120205,1956.1575
120206,2073.4712
120207,2121.4385
120208,2144.1797
120209,2120.8157
120210,2137.0752
120211,2133.1567
120212,2105.7788
120213,2081.349
120214,2026.0656
120215,2047.5104
120216,1915.5781
120217,1687.6631
120218,1588.1168
120219,1549.9259
120220,1485.8383
120221,1460.2561
120222,1460.9846
120223,1513.7123
120224,1625.6604
120225,1687.9984
120226,1735.3403
120227,1798.1055
120228,1900.07
120229,1985.0709
120230,2105.976
120231,2149.4695
120232,2176.5166
120233,2158.9973
120234,2171.6123
120235,2163.5508
120236,2147.281
120237,2120.531
120238,2068.9805
120239,2081.8372
120240,1961.0336
120241,1663.1411
120242,1559.1365
120243,1522.5411
120244,1456.7999
120245,1433.0402
120246,1428.666
120247,1478.7852
120248,1592.1929
120249,1659.4427
120250,1706.4368
120251,1768.3785
120252,1862.3276
120253,1941.112
120254,2064.024
120255,2109.041
120256,2130.741
120257,2106.1414
120258,2124.3303
120259,2115.2498
120260,2100.334
120261,2072.4973
120262,2016.2327
120263,2034.7258
120264,1910.6151
120265,1618.5804
120266,1516.4154
120267,1481.9167
120268,1425.3243
120269,1394.7222
120270,1390.4373
120271,1441.0464
120272,1543.3469
120273,1605.3856
120274,1655.6674
120275,1723.6917
120276,1820.5543
120277,1907.0897
120278,2030.9373
120279,2074.541
120280,2094.6987
120281,2071.184
120282,2090.29
120283,2087.5745
120284,2063.9482
120285,2045.5624
120286,1985.2233
120287,1998.044
120288,1881.916
120289,1667.8842
120290,1582.0421
120291,1512.5225
120292,1474.2396
120293,1451.7394
120294,1432.0591
120295,1449.7714
120296,1564.597
120297,1634.1064
120298,1677.5282
120299,1743.4431
120300,1833.4109
120301,1920.7942
120302,2048.15
120303,2088.178
120304,2113.5667
120305,2088.0415
120306,2105.971
120307,2093.5073
120308,2065.1943
120309,2046.1722
120310,1985.218
120311,2001.1509
120312,1886.162
120313,1592.6652
120314,1522.2704
120315,1473.1704
120316,1424.1587
120317,1395.8209
120318,1390.282
120319,1383.0208
120320,1377.82
120321,1443.9316
120322,1515.97
120323,1612.0297
120324,1686.044
120325,1776.6595
120326,1893.4843
120327,1933.4948
120328,1940.4808
120329,1931.5933
120330,1947.432
120331,1959.3713
120332,1931.891
120333,1915.081
120334,1859.5862
120335,1866.8419
120336,1769.3418
120337,1595.0463
120338,1496.0903
120339,1439.7308
120340,1385.4844
120341,1325.7662
120342,1302.5867
120343,1335.4708
120344,1306.3848
120345,1387.9375
120346,1501.0898
120347,1606.4402
120348,1697.485
120349,1781.3666
120350,1927.561
120351,2002.8105
120352,2028.6064
120353,2024.9764
120354,2053.3262
120355,2064.1995
120356,2025.2246
120357,1997.124
120358,1950.3767
120359,1934.7345
120360,1853.5531
120361,1667.1272
120362,1535.6146
120363,1479.2969
120364,1420.5481
120365,1359.4984
120366,1361.4701
120367,1445.6421
120368,1569.9164
120369,1621.579
120370,1709.3591
120371,1809.7024
120372,1931.5106
120373,2016.9125
120374,2152.217
120375,2207.3708
120376,2237.1743
120377,2240.6777
120378,2257.7217
120379,2248.1614
120380,2212.2817
120381,2159.5469
120382,2106.0527
120383,2094.5964
120384,1960.3984
120385,1773.208
120386,1648.6055
120387,1577.2086
120388,1530.2318
120389,1476.1738
120390,1470.5784
120391,1540.7183
120392,1651.5343
120393,1712.8193
120394,1803.1495
120395,1898.6683
120396,2005.8081
120397,2092.1238
120398,2229.8757
120399,2270.3718
120400,2303.558
120401,2308.5906
120402,2330.7104
120403,2296.8809
120404,2273.276
120405,2227.2092
120406,2178.4697
120407,2174.1316
120408,2046.4144
120409,1816.8506
120410,1695.2598
120411,1631.4921
120412,1580.7502
120413,1526.4924
120414,1515.2361
120415,1576.2439
120416,1707.6841
120417,1771.7529
120418,1855.3922
120419,1954.4088
120420,2041.937
120421,2121.7573
120422,2262.4924
120423,2306.0293
120424,2335.6682
120425,2328.9211
120426,2359.4517
120427,2319.1228
120428,2288.2637
120429,2240.7688
120430,2189.4307
120431,2199.7852
120432,2063.4548
120433,1822.7351
120434,1705.7668
120435,1645.9014
120436,1597.6838
120437,1542.4703
120438,1534.7621
120439,1595.7467
120440,1717.2119
120441,1773.9459
120442,1868.4357
120443,1960.0635
120444,2047.6704
120445,2138.5776
120446,2270.5688
120447,2319.153
120448,2349.9438
120449,2356.4797
120450,2376.7026
120451,2348.7278
120452,2313.8335
120453,2267.9387
120454,2212.119
120455,2218.476
120456,2088.3462
120457,1804.4921
120458,1690.7207
120459,1620.3184
120460,1571.0615
120461,1513.5303
120462,1500.211
120463,1540.1676
120464,1657.1595
120465,1718.2537
120466,1806.6423
120467,1895.2509
120468,1991.596
120469,2082.055
120470,2224.0095
120471,2265.996
120472,2299.895
120473,2290.7356
120474,2311.9875
120475,2275.7637
120476,2229.383
120477,2197.026
120478,2140.565
120479,2153.0774
120480,2019.1853
120481,1607.9874
120482,1520.4441
120483,1458.4175
120484,1413.5817
120485,1349.833
120486,1333.1693
120487,1353.9471
120488,1348.4991
120489,1409.5085
120490,1524.5271
120491,1650.758
120492,1731.3531
120493,1826.0166
120494,1953.4105
120495,1992.011
120496,2019.9601
120497,2017.7126
120498,2049.8403
120499,2048.1301
120500,2010.9155
120501,1964.4696
120502,1916.0952
120503,1897.4679
120504,1802.6017
120505,1500.8344
120506,1347.7637
120507,1298.3081
120508,1266.1846
120509,1207.7814
120510,1207.1166
120511,1198.6036
120512,1227.2751
120513,1246.4651
120514,1335.6927
120515,1426.9408
120516,1500.4508
120517,1580.7164
120518,1717.5385
120519,1757.5126
120520,1770.3193
120521,1758.1593
120522,1799.3752
120523,1802.5862
120524,1795.9634
120525,1756.7834
120526,1709.6351
120527,1720.516
120528,1669.4028
120529,1482.33
120530,1300.4154
120531,1263.8536
120532,1230.4368
120533,1187.3059
120534,1190.4586
120535,1236.7456
120536,1394.374
120537,1411.5593
120538,1479.8235
120539,1557.9319
120540,1658.1256
120541,1740.2998
120542,1874.0776
120543,1891.1224
120544,1920.589
120545,1911.6517
120546,1934.6727
120547,1915.2803
120548,1888.4742
120549,1859.2714
120550,1801.005
120551,1818.4373
120552,1719.57
120553,1597.3281
120554,1410.0116
120555,1366.0892
120556,1328.1382
120557,1274.4558
120558,1282.3707
120559,1318.1279
120560,1478.6962
120561,1487.837
120562,1550.2551
120563,1625.0851
120564,1727.108
120565,1809.9937
120566,1944.5708
120567,1963.611
120568,1993.5344
120569,1973.4998
120570,1994.4003
120571,1989.6204
120572,1968.9886
120573,1948.7493
120574,1874.6111
120575,1895.6626
120576,1796.5187
120577,1629.3826
120578,1443.6086
120579,1393.6475
120580,1355.1488
120581,1300.317
120582,1301.705
120583,1339.5934
120584,1499.2266
120585,1506.1721
120586,1564.7573
120587,1639.2228
120588,1738.7693
120589,1822.0027
120590,1959.8058
120591,1974.6997
120592,2005.1268
120593,1988.3872
120594,2011.0227
120595,2010.5386
120596,1989.0863
120597,1965.709
120598,1897.4631
120599,1915.6656
120600,1810.4915
120601,1610.8593
120602,1423.5198
120603,1383.2256
120604,1342.5756
120605,1288.8785
120606,1293.1189
120607,1334.43
120608,1499.9307
120609,1499.33
120610,1567.8412
120611,1626.2827
120612,1716.023
120613,1809.7152
120614,1941.0511
120615,1957.7928
120616,1990.9138
120617,1984.5139
120618,1996.7632
120619,1991.6068
120620,1962.2509
120621,1954.8912
120622,1877.0232
120623,1888.8699
120624,1798.0107
120625,1661.4519
120626,1483.7651
120627,1427.1299
120628,1394.4039
120629,1340.026
120630,1345.4205
120631,1349.4834
120632,1515.3729
120633,1532.2174
120634,1591.8442
120635,1658.8497
120636,1748.7534
120637,1833.2415
120638,1976.4602
120639,2000.3368
120640,2024.1145
120641,2006.9653
120642,2018.4617
120643,2005.4893
120644,1982.3094
120645,1961.4215
120646,1880.7433
120647,1880.6774
120648,1795.2091
120649,1631.3915
120650,1486.0115
120651,1420.8875
120652,1401.8457
120653,1325.0399
120654,1329.8153
120655,1316.8214
120656,1372.5942
120657,1374.7477
120658,1471.0243
120659,1564.2402
120660,1637.7123
120661,1733.9452
120662,1857.55
120663,1887.5868
120664,1902.3612
120665,1894.7799
120666,1936.52
120667,1921.5573
120668,1910.0068
120669,1886.4436
120670,1808.9263
120671,1804.6842
120672,1744.3507
120673,1685.3634
120674,1618.2743
120675,1539.882
120676,1465.2936
120677,1414.2183
120678,1397.7083
120679,1423.9261
120680,1350.1064
120681,1436.7291
120682,1522.9811
120683,1634.2876
120684,1712.7601
120685,1804.1914
120686,1979.237
120687,2033.336
120688,2062.7456
120689,2062.306
120690,2084.6382
120691,2098.161
120692,2070.2441
120693,2018.3733
120694,1974.0094
120695,1954.0253
120696,1895.9291
120697,1807.7798
120698,1705.1478
120699,1638.1372
120700,1578.5867
120701,1527.1348
120702,1538.0598
120703,1605.5881
120704,1674.4803
120705,1758.0359
120706,1819.3364
120707,1914.6128
120708,2025.6184
120709,2114.6497
120710,2272.3516
120711,2293.01
120712,2340.434
120713,2324.7534
120714,2340.3699
120715,2332.2625
120716,2304.7346
120717,2259.2285
120718,2214.5352
120719,2190.1418
120720,2093.6057
120721,1857.3997
120722,1750.706
120723,1678.1727
120724,1618.9689
120725,1579.3374
120726,1572.5005
120727,1636.0474
120728,1708.8688
120729,1785.5452
120730,1839.8107
120731,1943.6332
120732,2043.01
120733,2133.9177
120734,2292.2378
120735,2315.9685
120736,2361.0215
120737,2344.1484
120738,2376.147
120739,2352.557
120740,2334.44
120741,2284.211
120742,2232.7622
120743,2210.479
120744,2120.2468
120745,1836.0137
120746,1732.8483
120747,1670.2356
120748,1606.1989
120749,1559.4031
120750,1550.5375
120751,1608.12
120752,1689.1934
120753,1765.6652
120754,1820.7118
120755,1916.0001
120756,2006.7776
120757,2105.0095
120758,2258.8633
120759,2281.9087
120760,2329.8455
120761,2307.3345
120762,2329.3179
120763,2311.3303
120764,2285.9897
120765,2243.782
120766,2193.9758
120767,2182.4512
120768,2080.8494
120769,1794.0089
120770,1692.912
120771,1627.8558
120772,1565.8436
120773,1515.0367
120774,1510.9143
120775,1576.7832
120776,1647.4999
120777,1717.497
120778,1788.9707
120779,1878.6576
120780,1970.1704
120781,2070.3435
120782,2224.9502
120783,2249.2737
120784,2290.806
120785,2286.7498
120786,2296.4075
120787,2289.1836
120788,2262.8271
120789,2215.7383
120790,2172.8865
120791,2149.0999
120792,2055.0002
120793,1854.2073
120794,1752.2993
120795,1665.6224
120796,1609.0587
120797,1564.5503
120798,1567.6409
120799,1595.8567
120800,1678.0378
120801,1751.0594
120802,1814.4833
120803,1907.9655
120804,1987.5593
120805,2086.4045
120806,2245.0632
120807,2264.8188
120808,2319.4702
120809,2286.7651
120810,2302.257
120811,2283.5002
120812,2250.9358
120813,2207.9707
120814,2165.2883
120815,2159.8867
120816,2056.8032
120817,1751.8126
120818,1679.2506
120819,1595.9127
120820,1539.0311
120821,1480.2311
120822,1469.5533
120823,1489.5209
120824,1447.4335
120825,1516.3285
120826,1599.0242
120827,1722.2316
120828,1797.4149
120829,1900.652
120830,2057.258
120831,2076.5112
120832,2120.233
120833,2105.0679
120834,2130.462
120835,2124.2463
120836,2091.5735
120837,2047.6797
120838,2016.0206
120839,1985.9093
120840,1915.3055
120841,1677.8245
120842,1566.9578
120843,1482.1808
120844,1443.2778
120845,1385.8411
120846,1376.7377
120847,1381.8971
120848,1384.0309
120849,1462.5065
120850,1567.999
120851,1658.4587
120852,1764.6606
120853,1850.7905
120854,1995.3839
120855,2069.8132
120856,2083.4062
120857,2094.4214
120858,2115.0176
120859,2123.5093
120860,2103.0388
120861,2080.493
120862,2012.5497
120863,1985.7993
120864,1928.241
120865,1731.3098
120866,1591.5779
120867,1502.9095
120868,1457.31
120869,1404.9988
120870,1413.5383
120871,1479.9257
120872,1627.687
120873,1680.4089
120874,1767.1594
120875,1839.6711
120876,1968.7125
120877,2054.3772
120878,2187.0808
120879,2241.0298
120880,2265.7373
120881,2264.8918
120882,2284.7935
120883,2272.6704
120884,2254.499
120885,2216.7917
120886,2144.9658
120887,2127.659
120888,2010.0073
120889,1748.5364
120890,1624.0505
120891,1530.9518
120892,1484.6556
120893,1443.2627
120894,1437.396
120895,1496.1393
120896,1623.9556
120897,1685.7605
120898,1769.7737
120899,1843.3899
120900,1964.5771
120901,2057.405
120902,2192.939
120903,2236.7
120904,2270.805
120905,2252.1602
120906,2285.1982
120907,2266.461
120908,2258.4314
120909,2216.7131
120910,2151.929
120911,2136.7185
120912,2024.4279
120913,1754.521
120914,1637.0886
120915,1548.6676
120916,1506.0771
120917,1450.2869
120918,1447.2131
120919,1513.0842
120920,1636.1045
120921,1703.056
120922,1780.6259
120923,1852.4147
120924,1966.7697
120925,2065.6526
120926,2193.5195
120927,2238.2732
120928,2263.0754
120929,2252.7573
120930,2284.426
120931,2258.935
120932,2243.802
120933,2212.9539
120934,2147.1157
120935,2139.129
120936,2023.9719
120937,1825.8503
120938,1701.2687
120939,1616.352
120940,1565.4796
120941,1515.0399
120942,1515.3115
120943,1578.4966
120944,1706.535
120945,1764.6116
120946,1859.0001
120947,1923.911
120948,2037.9297
120949,2137.7297
120950,2265.4165
120951,2307.7854
120952,2334.581
120953,2325.6082
120954,2339.5945
120955,2312.4695
120956,2304.3296
120957,2274.0752
120958,2216.109
120959,2199.0918
120960,2090.157
120961,1783.647
120962,1662.8473
120963,1552.9255
120964,1508.9382
120965,1459.2308
120966,1459.0884
120967,1484.4507
120968,1619.7759
120969,1685.0118
120970,1772.3694
120971,1837.175
120972,1945.5497
120973,2046.5631
120974,2177.806
120975,2226.8254
120976,2246.9377
120977,2229.2444
120978,2246.1777
120979,2218.2112
120980,2199.163
120981,2174.0566
120982,2110.0283
120983,2100.4902
120984,1993.863
120985,1608.6877
120986,1514.9951
120987,1434.3608
120988,1392.8801
120989,1328.8832
120990,1321.052
120991,1323.3962
120992,1330.5231
120993,1404.3275
120994,1509.5485
120995,1612.1222
120996,1706.4779
120997,1807.6146
120998,1932.3774
120999,1983.2836
121000,1994.7277
121001,1993.0757
121002,2022.5449
121003,2023.1116
121004,2004.4661
121005,1983.8397
121006,1915.9055
121007,1881.8013
121008,1814.7876
121009,1633.349
121010,1536.0819
121011,1478.386
121012,1422.7329
121013,1360.5519
121014,1357.4362
121015,1369.0751
121016,1367.086
121017,1437.0706
121018,1547.1066
121019,1648.067
121020,1732.3463
121021,1809.4719
121022,1954.8497
121023,2032.9725
121024,2058.9211
121025,2053.061
121026,2079.0552
121027,2086.9531
121028,2047.7332
121029,2015.0837
121030,1962.911
121031,1988.0114
121032,1910.0986
121033,1771.0757
121034,1639.0164
121035,1593.6582
121036,1527.2524
121037,1483.9346
121038,1491.9298
121039,1552.0619
121040,1692.0918
121041,1733.4941
121042,1831.7792
121043,1917.4744
121044,2035.9182
121045,2110.0142
121046,2252.715
121047,2283.7966
121048,2326.3079
121049,2309.183
121050,2326.245
121051,2311.188
121052,2273.0708
121053,2223.36
121054,2182.259
121055,2220.1558
121056,2082.879
121057,1772.8085
121058,1660.3007
121059,1595.4056
121060,1533.4832
121061,1483.276
121062,1488.6593
121063,1554.7985
121064,1671.5585
121065,1718.134
121066,1813.6367
121067,1888.8944
121068,2003.8921
121069,2083.803
121070,2219.3025
121071,2260.286
121072,2302.376
121073,2279.8352
121074,2305.4192
121075,2287.7473
121076,2262.7295
121077,2208.8882
121078,2163.3958
121079,2189.933
121080,2057.0005
121081,1699.8417
121082,1588.167
121083,1529.062
121084,1457.7804
121085,1401.5616
121086,1401.9866
121087,1464.1531
121088,1587.8347
121089,1639.2562
121090,1728.2059
121091,1802.6345
121092,1917.7574
121093,2007.9963
121094,2141.703
121095,2181.963
121096,2227.2944
121097,2208.3818
121098,2226.2095
121099,2215.5955
121100,2173.7524
121101,2122.2375
121102,2086.7634
121103,2121.8252
121104,1977.7834
121105,1706.4802
121106,1587.0269
121107,1539.6814
121108,1468.8074
121109,1417.9121
121110,1418.6736
121111,1485.6567
121112,1603.4674
121113,1645.7687
121114,1742.374
121115,1816.717
121116,1929.6573
121117,2020.1465
121118,2153.2556
121119,2187.8042
121120,2235.858
121121,2218.8364
121122,2226.535
121123,2197.376
121124,2158.9956
121125,2120.418
121126,2088.0046
121127,2119.356
121128,1985.7515
121129,1815.9552
121130,1701.6377
121131,1631.0518
121132,1569.126
121133,1527.8896
121134,1529.4954
121135,1550.1244
121136,1686.4506
121137,1737.3623
121138,1830.1917
121139,1907.0353
121140,2009.3007
121141,2086.7175
121142,2223.2507
121143,2262.5842
121144,2301.1536
121145,2269.532
121146,2286.3218
121147,2245.8806
121148,2201.9004
121149,2161.1633
121150,2125.5486
121151,2169.489
121152,2025.7263
121153,1711.8885
121154,1629.6837
121155,1573.9363
121156,1518.3782
121157,1468.0132
121158,1456.1987
121159,1458.288
121160,1465.2135
121161,1521.825
121162,1638.4657
121163,1746.887
121164,1830.5195
121165,1923.2913
121166,2051.6196
121167,2093.3533
121168,2124.2827
121169,2113.0596
121170,2134.838
121171,2137.488
121172,2090.6157
121173,2051.549
121174,2007.011
121175,2032.302
121176,1925.685
121177,1605.5559
121178,1503.2959
121179,1436.1138
121180,1378.9022
121181,1313.27
121182,1311.26
121183,1315.8743
121184,1319.1333
121185,1390.8009
121186,1505.0234
121187,1616.2617
121188,1684.917
121189,1775.4475
121190,1921.7734
121191,1991.1625
121192,2009.7219
121193,2027.4987
121194,2044.3444
121195,2040.498
121196,2010.8412
121197,1977.6193
121198,1930.4558
121199,1940.9349
121200,1863.438
121201,1671.6309
121202,1537.7062
121203,1467.4634
121204,1409.7278
121205,1358.4622
121206,1375.0879
121207,1427.5687
121208,1564.7257
121209,1605.3734
121210,1698.6555
121211,1799.2522
121212,1908.1775
121213,2000.3087
121214,2138.4934
121215,2208.9214
121216,2240.0828
121217,2247.877
121218,2248.287
121219,2239.0579
121220,2200.1306
121221,2161.0498
121222,2119.8525
121223,2121.6921
121224,1981.8295
121225,1680.1738
121226,1568.2921
121227,1488.5625
121228,1434.837
121229,1400.1735
121230,1392.8096
121231,1442.3579
121232,1570.6719
121233,1621.7739
121234,1711.4089
121235,1805.1927
121236,1896.594
121237,1991.3726
121238,2087.0298
121239,2164.3494
121240,2193.601
121241,2198.9116
121242,2209.159
121243,2187.0947
121244,2159.3953
121245,2111.053
121246,2077.3965
121247,2084.5059
121248,1948.6578
121249,1783.2155
121250,1668.3041
121251,1597.4946
121252,1540.2155
121253,1483.8837
121254,1482.7125
121255,1536.371
121256,1656.4402
121257,1708.0762
121258,1795.0061
121259,1892.8538
121260,1989.5247
121261,2084.2727
121262,2178.8108
121263,2256.589
121264,2286.4792
121265,2290.9539
121266,2302.535
121267,2284.3386
121268,2244.0347
121269,2212.689
121270,2162.164
121271,2164.4675
121272,2041.0303
121273,1814.5579
121274,1702.7969
121275,1634.6339
121276,1575.8088
121277,1515.7281
121278,1520.3104
121279,1570.4618
121280,1693.2488
121281,1739.0157
121282,1832.114
121283,1929.7113
121284,2022.213
121285,2125.6055
121286,2214.435
121287,2291.0344
121288,2324.3364
121289,2329.114
121290,2337.102
121291,2325.387
121292,2282.5513
121293,2253.6316
121294,2193.9727
121295,2193.4688
121296,2068.657
